horizontal segments 4000
1 4002 2
1 4002 3
1 4002 4
1 4002 5
1 4002 6
1 4002 7
1 4002 8
1 4002 9
1 4002 10
1 4002 11
1 4002 12
1 4002 13
1 4002 14
1 4002 15
1 4002 16
1 4002 17
1 4002 18
1 4002 19
1 4002 20
1 4002 21
1 4002 22
1 4002 23
1 4002 24
1 4002 25
1 4002 26
1 4002 27
1 4002 28
1 4002 29
1 4002 30
1 4002 31
1 4002 32
1 4002 33
1 4002 34
1 4002 35
1 4002 36
1 4002 37
1 4002 38
1 4002 39
1 4002 40
1 4002 41
1 4002 42
1 4002 43
1 4002 44
1 4002 45
1 4002 46
1 4002 47
1 4002 48
1 4002 49
1 4002 50
1 4002 51
1 4002 52
1 4002 53
1 4002 54
1 4002 55
1 4002 56
1 4002 57
1 4002 58
1 4002 59
1 4002 60
1 4002 61
1 4002 62
1 4002 63
1 4002 64
1 4002 65
1 4002 66
1 4002 67
1 4002 68
1 4002 69
1 4002 70
1 4002 71
1 4002 72
1 4002 73
1 4002 74
1 4002 75
1 4002 76
1 4002 77
1 4002 78
1 4002 79
1 4002 80
1 4002 81
1 4002 82
1 4002 83
1 4002 84
1 4002 85
1 4002 86
1 4002 87
1 4002 88
1 4002 89
1 4002 90
1 4002 91
1 4002 92
1 4002 93
1 4002 94
1 4002 95
1 4002 96
1 4002 97
1 4002 98
1 4002 99
1 4002 100
1 4002 101
1 4002 102
1 4002 103
1 4002 104
1 4002 105
1 4002 106
1 4002 107
1 4002 108
1 4002 109
1 4002 110
1 4002 111
1 4002 112
1 4002 113
1 4002 114
1 4002 115
1 4002 116
1 4002 117
1 4002 118
1 4002 119
1 4002 120
1 4002 121
1 4002 122
1 4002 123
1 4002 124
1 4002 125
1 4002 126
1 4002 127
1 4002 128
1 4002 129
1 4002 130
1 4002 131
1 4002 132
1 4002 133
1 4002 134
1 4002 135
1 4002 136
1 4002 137
1 4002 138
1 4002 139
1 4002 140
1 4002 141
1 4002 142
1 4002 143
1 4002 144
1 4002 145
1 4002 146
1 4002 147
1 4002 148
1 4002 149
1 4002 150
1 4002 151
1 4002 152
1 4002 153
1 4002 154
1 4002 155
1 4002 156
1 4002 157
1 4002 158
1 4002 159
1 4002 160
1 4002 161
1 4002 162
1 4002 163
1 4002 164
1 4002 165
1 4002 166
1 4002 167
1 4002 168
1 4002 169
1 4002 170
1 4002 171
1 4002 172
1 4002 173
1 4002 174
1 4002 175
1 4002 176
1 4002 177
1 4002 178
1 4002 179
1 4002 180
1 4002 181
1 4002 182
1 4002 183
1 4002 184
1 4002 185
1 4002 186
1 4002 187
1 4002 188
1 4002 189
1 4002 190
1 4002 191
1 4002 192
1 4002 193
1 4002 194
1 4002 195
1 4002 196
1 4002 197
1 4002 198
1 4002 199
1 4002 200
1 4002 201
1 4002 202
1 4002 203
1 4002 204
1 4002 205
1 4002 206
1 4002 207
1 4002 208
1 4002 209
1 4002 210
1 4002 211
1 4002 212
1 4002 213
1 4002 214
1 4002 215
1 4002 216
1 4002 217
1 4002 218
1 4002 219
1 4002 220
1 4002 221
1 4002 222
1 4002 223
1 4002 224
1 4002 225
1 4002 226
1 4002 227
1 4002 228
1 4002 229
1 4002 230
1 4002 231
1 4002 232
1 4002 233
1 4002 234
1 4002 235
1 4002 236
1 4002 237
1 4002 238
1 4002 239
1 4002 240
1 4002 241
1 4002 242
1 4002 243
1 4002 244
1 4002 245
1 4002 246
1 4002 247
1 4002 248
1 4002 249
1 4002 250
1 4002 251
1 4002 252
1 4002 253
1 4002 254
1 4002 255
1 4002 256
1 4002 257
1 4002 258
1 4002 259
1 4002 260
1 4002 261
1 4002 262
1 4002 263
1 4002 264
1 4002 265
1 4002 266
1 4002 267
1 4002 268
1 4002 269
1 4002 270
1 4002 271
1 4002 272
1 4002 273
1 4002 274
1 4002 275
1 4002 276
1 4002 277
1 4002 278
1 4002 279
1 4002 280
1 4002 281
1 4002 282
1 4002 283
1 4002 284
1 4002 285
1 4002 286
1 4002 287
1 4002 288
1 4002 289
1 4002 290
1 4002 291
1 4002 292
1 4002 293
1 4002 294
1 4002 295
1 4002 296
1 4002 297
1 4002 298
1 4002 299
1 4002 300
1 4002 301
1 4002 302
1 4002 303
1 4002 304
1 4002 305
1 4002 306
1 4002 307
1 4002 308
1 4002 309
1 4002 310
1 4002 311
1 4002 312
1 4002 313
1 4002 314
1 4002 315
1 4002 316
1 4002 317
1 4002 318
1 4002 319
1 4002 320
1 4002 321
1 4002 322
1 4002 323
1 4002 324
1 4002 325
1 4002 326
1 4002 327
1 4002 328
1 4002 329
1 4002 330
1 4002 331
1 4002 332
1 4002 333
1 4002 334
1 4002 335
1 4002 336
1 4002 337
1 4002 338
1 4002 339
1 4002 340
1 4002 341
1 4002 342
1 4002 343
1 4002 344
1 4002 345
1 4002 346
1 4002 347
1 4002 348
1 4002 349
1 4002 350
1 4002 351
1 4002 352
1 4002 353
1 4002 354
1 4002 355
1 4002 356
1 4002 357
1 4002 358
1 4002 359
1 4002 360
1 4002 361
1 4002 362
1 4002 363
1 4002 364
1 4002 365
1 4002 366
1 4002 367
1 4002 368
1 4002 369
1 4002 370
1 4002 371
1 4002 372
1 4002 373
1 4002 374
1 4002 375
1 4002 376
1 4002 377
1 4002 378
1 4002 379
1 4002 380
1 4002 381
1 4002 382
1 4002 383
1 4002 384
1 4002 385
1 4002 386
1 4002 387
1 4002 388
1 4002 389
1 4002 390
1 4002 391
1 4002 392
1 4002 393
1 4002 394
1 4002 395
1 4002 396
1 4002 397
1 4002 398
1 4002 399
1 4002 400
1 4002 401
1 4002 402
1 4002 403
1 4002 404
1 4002 405
1 4002 406
1 4002 407
1 4002 408
1 4002 409
1 4002 410
1 4002 411
1 4002 412
1 4002 413
1 4002 414
1 4002 415
1 4002 416
1 4002 417
1 4002 418
1 4002 419
1 4002 420
1 4002 421
1 4002 422
1 4002 423
1 4002 424
1 4002 425
1 4002 426
1 4002 427
1 4002 428
1 4002 429
1 4002 430
1 4002 431
1 4002 432
1 4002 433
1 4002 434
1 4002 435
1 4002 436
1 4002 437
1 4002 438
1 4002 439
1 4002 440
1 4002 441
1 4002 442
1 4002 443
1 4002 444
1 4002 445
1 4002 446
1 4002 447
1 4002 448
1 4002 449
1 4002 450
1 4002 451
1 4002 452
1 4002 453
1 4002 454
1 4002 455
1 4002 456
1 4002 457
1 4002 458
1 4002 459
1 4002 460
1 4002 461
1 4002 462
1 4002 463
1 4002 464
1 4002 465
1 4002 466
1 4002 467
1 4002 468
1 4002 469
1 4002 470
1 4002 471
1 4002 472
1 4002 473
1 4002 474
1 4002 475
1 4002 476
1 4002 477
1 4002 478
1 4002 479
1 4002 480
1 4002 481
1 4002 482
1 4002 483
1 4002 484
1 4002 485
1 4002 486
1 4002 487
1 4002 488
1 4002 489
1 4002 490
1 4002 491
1 4002 492
1 4002 493
1 4002 494
1 4002 495
1 4002 496
1 4002 497
1 4002 498
1 4002 499
1 4002 500
1 4002 501
1 4002 502
1 4002 503
1 4002 504
1 4002 505
1 4002 506
1 4002 507
1 4002 508
1 4002 509
1 4002 510
1 4002 511
1 4002 512
1 4002 513
1 4002 514
1 4002 515
1 4002 516
1 4002 517
1 4002 518
1 4002 519
1 4002 520
1 4002 521
1 4002 522
1 4002 523
1 4002 524
1 4002 525
1 4002 526
1 4002 527
1 4002 528
1 4002 529
1 4002 530
1 4002 531
1 4002 532
1 4002 533
1 4002 534
1 4002 535
1 4002 536
1 4002 537
1 4002 538
1 4002 539
1 4002 540
1 4002 541
1 4002 542
1 4002 543
1 4002 544
1 4002 545
1 4002 546
1 4002 547
1 4002 548
1 4002 549
1 4002 550
1 4002 551
1 4002 552
1 4002 553
1 4002 554
1 4002 555
1 4002 556
1 4002 557
1 4002 558
1 4002 559
1 4002 560
1 4002 561
1 4002 562
1 4002 563
1 4002 564
1 4002 565
1 4002 566
1 4002 567
1 4002 568
1 4002 569
1 4002 570
1 4002 571
1 4002 572
1 4002 573
1 4002 574
1 4002 575
1 4002 576
1 4002 577
1 4002 578
1 4002 579
1 4002 580
1 4002 581
1 4002 582
1 4002 583
1 4002 584
1 4002 585
1 4002 586
1 4002 587
1 4002 588
1 4002 589
1 4002 590
1 4002 591
1 4002 592
1 4002 593
1 4002 594
1 4002 595
1 4002 596
1 4002 597
1 4002 598
1 4002 599
1 4002 600
1 4002 601
1 4002 602
1 4002 603
1 4002 604
1 4002 605
1 4002 606
1 4002 607
1 4002 608
1 4002 609
1 4002 610
1 4002 611
1 4002 612
1 4002 613
1 4002 614
1 4002 615
1 4002 616
1 4002 617
1 4002 618
1 4002 619
1 4002 620
1 4002 621
1 4002 622
1 4002 623
1 4002 624
1 4002 625
1 4002 626
1 4002 627
1 4002 628
1 4002 629
1 4002 630
1 4002 631
1 4002 632
1 4002 633
1 4002 634
1 4002 635
1 4002 636
1 4002 637
1 4002 638
1 4002 639
1 4002 640
1 4002 641
1 4002 642
1 4002 643
1 4002 644
1 4002 645
1 4002 646
1 4002 647
1 4002 648
1 4002 649
1 4002 650
1 4002 651
1 4002 652
1 4002 653
1 4002 654
1 4002 655
1 4002 656
1 4002 657
1 4002 658
1 4002 659
1 4002 660
1 4002 661
1 4002 662
1 4002 663
1 4002 664
1 4002 665
1 4002 666
1 4002 667
1 4002 668
1 4002 669
1 4002 670
1 4002 671
1 4002 672
1 4002 673
1 4002 674
1 4002 675
1 4002 676
1 4002 677
1 4002 678
1 4002 679
1 4002 680
1 4002 681
1 4002 682
1 4002 683
1 4002 684
1 4002 685
1 4002 686
1 4002 687
1 4002 688
1 4002 689
1 4002 690
1 4002 691
1 4002 692
1 4002 693
1 4002 694
1 4002 695
1 4002 696
1 4002 697
1 4002 698
1 4002 699
1 4002 700
1 4002 701
1 4002 702
1 4002 703
1 4002 704
1 4002 705
1 4002 706
1 4002 707
1 4002 708
1 4002 709
1 4002 710
1 4002 711
1 4002 712
1 4002 713
1 4002 714
1 4002 715
1 4002 716
1 4002 717
1 4002 718
1 4002 719
1 4002 720
1 4002 721
1 4002 722
1 4002 723
1 4002 724
1 4002 725
1 4002 726
1 4002 727
1 4002 728
1 4002 729
1 4002 730
1 4002 731
1 4002 732
1 4002 733
1 4002 734
1 4002 735
1 4002 736
1 4002 737
1 4002 738
1 4002 739
1 4002 740
1 4002 741
1 4002 742
1 4002 743
1 4002 744
1 4002 745
1 4002 746
1 4002 747
1 4002 748
1 4002 749
1 4002 750
1 4002 751
1 4002 752
1 4002 753
1 4002 754
1 4002 755
1 4002 756
1 4002 757
1 4002 758
1 4002 759
1 4002 760
1 4002 761
1 4002 762
1 4002 763
1 4002 764
1 4002 765
1 4002 766
1 4002 767
1 4002 768
1 4002 769
1 4002 770
1 4002 771
1 4002 772
1 4002 773
1 4002 774
1 4002 775
1 4002 776
1 4002 777
1 4002 778
1 4002 779
1 4002 780
1 4002 781
1 4002 782
1 4002 783
1 4002 784
1 4002 785
1 4002 786
1 4002 787
1 4002 788
1 4002 789
1 4002 790
1 4002 791
1 4002 792
1 4002 793
1 4002 794
1 4002 795
1 4002 796
1 4002 797
1 4002 798
1 4002 799
1 4002 800
1 4002 801
1 4002 802
1 4002 803
1 4002 804
1 4002 805
1 4002 806
1 4002 807
1 4002 808
1 4002 809
1 4002 810
1 4002 811
1 4002 812
1 4002 813
1 4002 814
1 4002 815
1 4002 816
1 4002 817
1 4002 818
1 4002 819
1 4002 820
1 4002 821
1 4002 822
1 4002 823
1 4002 824
1 4002 825
1 4002 826
1 4002 827
1 4002 828
1 4002 829
1 4002 830
1 4002 831
1 4002 832
1 4002 833
1 4002 834
1 4002 835
1 4002 836
1 4002 837
1 4002 838
1 4002 839
1 4002 840
1 4002 841
1 4002 842
1 4002 843
1 4002 844
1 4002 845
1 4002 846
1 4002 847
1 4002 848
1 4002 849
1 4002 850
1 4002 851
1 4002 852
1 4002 853
1 4002 854
1 4002 855
1 4002 856
1 4002 857
1 4002 858
1 4002 859
1 4002 860
1 4002 861
1 4002 862
1 4002 863
1 4002 864
1 4002 865
1 4002 866
1 4002 867
1 4002 868
1 4002 869
1 4002 870
1 4002 871
1 4002 872
1 4002 873
1 4002 874
1 4002 875
1 4002 876
1 4002 877
1 4002 878
1 4002 879
1 4002 880
1 4002 881
1 4002 882
1 4002 883
1 4002 884
1 4002 885
1 4002 886
1 4002 887
1 4002 888
1 4002 889
1 4002 890
1 4002 891
1 4002 892
1 4002 893
1 4002 894
1 4002 895
1 4002 896
1 4002 897
1 4002 898
1 4002 899
1 4002 900
1 4002 901
1 4002 902
1 4002 903
1 4002 904
1 4002 905
1 4002 906
1 4002 907
1 4002 908
1 4002 909
1 4002 910
1 4002 911
1 4002 912
1 4002 913
1 4002 914
1 4002 915
1 4002 916
1 4002 917
1 4002 918
1 4002 919
1 4002 920
1 4002 921
1 4002 922
1 4002 923
1 4002 924
1 4002 925
1 4002 926
1 4002 927
1 4002 928
1 4002 929
1 4002 930
1 4002 931
1 4002 932
1 4002 933
1 4002 934
1 4002 935
1 4002 936
1 4002 937
1 4002 938
1 4002 939
1 4002 940
1 4002 941
1 4002 942
1 4002 943
1 4002 944
1 4002 945
1 4002 946
1 4002 947
1 4002 948
1 4002 949
1 4002 950
1 4002 951
1 4002 952
1 4002 953
1 4002 954
1 4002 955
1 4002 956
1 4002 957
1 4002 958
1 4002 959
1 4002 960
1 4002 961
1 4002 962
1 4002 963
1 4002 964
1 4002 965
1 4002 966
1 4002 967
1 4002 968
1 4002 969
1 4002 970
1 4002 971
1 4002 972
1 4002 973
1 4002 974
1 4002 975
1 4002 976
1 4002 977
1 4002 978
1 4002 979
1 4002 980
1 4002 981
1 4002 982
1 4002 983
1 4002 984
1 4002 985
1 4002 986
1 4002 987
1 4002 988
1 4002 989
1 4002 990
1 4002 991
1 4002 992
1 4002 993
1 4002 994
1 4002 995
1 4002 996
1 4002 997
1 4002 998
1 4002 999
1 4002 1000
1 4002 1001
1 4002 1002
1 4002 1003
1 4002 1004
1 4002 1005
1 4002 1006
1 4002 1007
1 4002 1008
1 4002 1009
1 4002 1010
1 4002 1011
1 4002 1012
1 4002 1013
1 4002 1014
1 4002 1015
1 4002 1016
1 4002 1017
1 4002 1018
1 4002 1019
1 4002 1020
1 4002 1021
1 4002 1022
1 4002 1023
1 4002 1024
1 4002 1025
1 4002 1026
1 4002 1027
1 4002 1028
1 4002 1029
1 4002 1030
1 4002 1031
1 4002 1032
1 4002 1033
1 4002 1034
1 4002 1035
1 4002 1036
1 4002 1037
1 4002 1038
1 4002 1039
1 4002 1040
1 4002 1041
1 4002 1042
1 4002 1043
1 4002 1044
1 4002 1045
1 4002 1046
1 4002 1047
1 4002 1048
1 4002 1049
1 4002 1050
1 4002 1051
1 4002 1052
1 4002 1053
1 4002 1054
1 4002 1055
1 4002 1056
1 4002 1057
1 4002 1058
1 4002 1059
1 4002 1060
1 4002 1061
1 4002 1062
1 4002 1063
1 4002 1064
1 4002 1065
1 4002 1066
1 4002 1067
1 4002 1068
1 4002 1069
1 4002 1070
1 4002 1071
1 4002 1072
1 4002 1073
1 4002 1074
1 4002 1075
1 4002 1076
1 4002 1077
1 4002 1078
1 4002 1079
1 4002 1080
1 4002 1081
1 4002 1082
1 4002 1083
1 4002 1084
1 4002 1085
1 4002 1086
1 4002 1087
1 4002 1088
1 4002 1089
1 4002 1090
1 4002 1091
1 4002 1092
1 4002 1093
1 4002 1094
1 4002 1095
1 4002 1096
1 4002 1097
1 4002 1098
1 4002 1099
1 4002 1100
1 4002 1101
1 4002 1102
1 4002 1103
1 4002 1104
1 4002 1105
1 4002 1106
1 4002 1107
1 4002 1108
1 4002 1109
1 4002 1110
1 4002 1111
1 4002 1112
1 4002 1113
1 4002 1114
1 4002 1115
1 4002 1116
1 4002 1117
1 4002 1118
1 4002 1119
1 4002 1120
1 4002 1121
1 4002 1122
1 4002 1123
1 4002 1124
1 4002 1125
1 4002 1126
1 4002 1127
1 4002 1128
1 4002 1129
1 4002 1130
1 4002 1131
1 4002 1132
1 4002 1133
1 4002 1134
1 4002 1135
1 4002 1136
1 4002 1137
1 4002 1138
1 4002 1139
1 4002 1140
1 4002 1141
1 4002 1142
1 4002 1143
1 4002 1144
1 4002 1145
1 4002 1146
1 4002 1147
1 4002 1148
1 4002 1149
1 4002 1150
1 4002 1151
1 4002 1152
1 4002 1153
1 4002 1154
1 4002 1155
1 4002 1156
1 4002 1157
1 4002 1158
1 4002 1159
1 4002 1160
1 4002 1161
1 4002 1162
1 4002 1163
1 4002 1164
1 4002 1165
1 4002 1166
1 4002 1167
1 4002 1168
1 4002 1169
1 4002 1170
1 4002 1171
1 4002 1172
1 4002 1173
1 4002 1174
1 4002 1175
1 4002 1176
1 4002 1177
1 4002 1178
1 4002 1179
1 4002 1180
1 4002 1181
1 4002 1182
1 4002 1183
1 4002 1184
1 4002 1185
1 4002 1186
1 4002 1187
1 4002 1188
1 4002 1189
1 4002 1190
1 4002 1191
1 4002 1192
1 4002 1193
1 4002 1194
1 4002 1195
1 4002 1196
1 4002 1197
1 4002 1198
1 4002 1199
1 4002 1200
1 4002 1201
1 4002 1202
1 4002 1203
1 4002 1204
1 4002 1205
1 4002 1206
1 4002 1207
1 4002 1208
1 4002 1209
1 4002 1210
1 4002 1211
1 4002 1212
1 4002 1213
1 4002 1214
1 4002 1215
1 4002 1216
1 4002 1217
1 4002 1218
1 4002 1219
1 4002 1220
1 4002 1221
1 4002 1222
1 4002 1223
1 4002 1224
1 4002 1225
1 4002 1226
1 4002 1227
1 4002 1228
1 4002 1229
1 4002 1230
1 4002 1231
1 4002 1232
1 4002 1233
1 4002 1234
1 4002 1235
1 4002 1236
1 4002 1237
1 4002 1238
1 4002 1239
1 4002 1240
1 4002 1241
1 4002 1242
1 4002 1243
1 4002 1244
1 4002 1245
1 4002 1246
1 4002 1247
1 4002 1248
1 4002 1249
1 4002 1250
1 4002 1251
1 4002 1252
1 4002 1253
1 4002 1254
1 4002 1255
1 4002 1256
1 4002 1257
1 4002 1258
1 4002 1259
1 4002 1260
1 4002 1261
1 4002 1262
1 4002 1263
1 4002 1264
1 4002 1265
1 4002 1266
1 4002 1267
1 4002 1268
1 4002 1269
1 4002 1270
1 4002 1271
1 4002 1272
1 4002 1273
1 4002 1274
1 4002 1275
1 4002 1276
1 4002 1277
1 4002 1278
1 4002 1279
1 4002 1280
1 4002 1281
1 4002 1282
1 4002 1283
1 4002 1284
1 4002 1285
1 4002 1286
1 4002 1287
1 4002 1288
1 4002 1289
1 4002 1290
1 4002 1291
1 4002 1292
1 4002 1293
1 4002 1294
1 4002 1295
1 4002 1296
1 4002 1297
1 4002 1298
1 4002 1299
1 4002 1300
1 4002 1301
1 4002 1302
1 4002 1303
1 4002 1304
1 4002 1305
1 4002 1306
1 4002 1307
1 4002 1308
1 4002 1309
1 4002 1310
1 4002 1311
1 4002 1312
1 4002 1313
1 4002 1314
1 4002 1315
1 4002 1316
1 4002 1317
1 4002 1318
1 4002 1319
1 4002 1320
1 4002 1321
1 4002 1322
1 4002 1323
1 4002 1324
1 4002 1325
1 4002 1326
1 4002 1327
1 4002 1328
1 4002 1329
1 4002 1330
1 4002 1331
1 4002 1332
1 4002 1333
1 4002 1334
1 4002 1335
1 4002 1336
1 4002 1337
1 4002 1338
1 4002 1339
1 4002 1340
1 4002 1341
1 4002 1342
1 4002 1343
1 4002 1344
1 4002 1345
1 4002 1346
1 4002 1347
1 4002 1348
1 4002 1349
1 4002 1350
1 4002 1351
1 4002 1352
1 4002 1353
1 4002 1354
1 4002 1355
1 4002 1356
1 4002 1357
1 4002 1358
1 4002 1359
1 4002 1360
1 4002 1361
1 4002 1362
1 4002 1363
1 4002 1364
1 4002 1365
1 4002 1366
1 4002 1367
1 4002 1368
1 4002 1369
1 4002 1370
1 4002 1371
1 4002 1372
1 4002 1373
1 4002 1374
1 4002 1375
1 4002 1376
1 4002 1377
1 4002 1378
1 4002 1379
1 4002 1380
1 4002 1381
1 4002 1382
1 4002 1383
1 4002 1384
1 4002 1385
1 4002 1386
1 4002 1387
1 4002 1388
1 4002 1389
1 4002 1390
1 4002 1391
1 4002 1392
1 4002 1393
1 4002 1394
1 4002 1395
1 4002 1396
1 4002 1397
1 4002 1398
1 4002 1399
1 4002 1400
1 4002 1401
1 4002 1402
1 4002 1403
1 4002 1404
1 4002 1405
1 4002 1406
1 4002 1407
1 4002 1408
1 4002 1409
1 4002 1410
1 4002 1411
1 4002 1412
1 4002 1413
1 4002 1414
1 4002 1415
1 4002 1416
1 4002 1417
1 4002 1418
1 4002 1419
1 4002 1420
1 4002 1421
1 4002 1422
1 4002 1423
1 4002 1424
1 4002 1425
1 4002 1426
1 4002 1427
1 4002 1428
1 4002 1429
1 4002 1430
1 4002 1431
1 4002 1432
1 4002 1433
1 4002 1434
1 4002 1435
1 4002 1436
1 4002 1437
1 4002 1438
1 4002 1439
1 4002 1440
1 4002 1441
1 4002 1442
1 4002 1443
1 4002 1444
1 4002 1445
1 4002 1446
1 4002 1447
1 4002 1448
1 4002 1449
1 4002 1450
1 4002 1451
1 4002 1452
1 4002 1453
1 4002 1454
1 4002 1455
1 4002 1456
1 4002 1457
1 4002 1458
1 4002 1459
1 4002 1460
1 4002 1461
1 4002 1462
1 4002 1463
1 4002 1464
1 4002 1465
1 4002 1466
1 4002 1467
1 4002 1468
1 4002 1469
1 4002 1470
1 4002 1471
1 4002 1472
1 4002 1473
1 4002 1474
1 4002 1475
1 4002 1476
1 4002 1477
1 4002 1478
1 4002 1479
1 4002 1480
1 4002 1481
1 4002 1482
1 4002 1483
1 4002 1484
1 4002 1485
1 4002 1486
1 4002 1487
1 4002 1488
1 4002 1489
1 4002 1490
1 4002 1491
1 4002 1492
1 4002 1493
1 4002 1494
1 4002 1495
1 4002 1496
1 4002 1497
1 4002 1498
1 4002 1499
1 4002 1500
1 4002 1501
1 4002 1502
1 4002 1503
1 4002 1504
1 4002 1505
1 4002 1506
1 4002 1507
1 4002 1508
1 4002 1509
1 4002 1510
1 4002 1511
1 4002 1512
1 4002 1513
1 4002 1514
1 4002 1515
1 4002 1516
1 4002 1517
1 4002 1518
1 4002 1519
1 4002 1520
1 4002 1521
1 4002 1522
1 4002 1523
1 4002 1524
1 4002 1525
1 4002 1526
1 4002 1527
1 4002 1528
1 4002 1529
1 4002 1530
1 4002 1531
1 4002 1532
1 4002 1533
1 4002 1534
1 4002 1535
1 4002 1536
1 4002 1537
1 4002 1538
1 4002 1539
1 4002 1540
1 4002 1541
1 4002 1542
1 4002 1543
1 4002 1544
1 4002 1545
1 4002 1546
1 4002 1547
1 4002 1548
1 4002 1549
1 4002 1550
1 4002 1551
1 4002 1552
1 4002 1553
1 4002 1554
1 4002 1555
1 4002 1556
1 4002 1557
1 4002 1558
1 4002 1559
1 4002 1560
1 4002 1561
1 4002 1562
1 4002 1563
1 4002 1564
1 4002 1565
1 4002 1566
1 4002 1567
1 4002 1568
1 4002 1569
1 4002 1570
1 4002 1571
1 4002 1572
1 4002 1573
1 4002 1574
1 4002 1575
1 4002 1576
1 4002 1577
1 4002 1578
1 4002 1579
1 4002 1580
1 4002 1581
1 4002 1582
1 4002 1583
1 4002 1584
1 4002 1585
1 4002 1586
1 4002 1587
1 4002 1588
1 4002 1589
1 4002 1590
1 4002 1591
1 4002 1592
1 4002 1593
1 4002 1594
1 4002 1595
1 4002 1596
1 4002 1597
1 4002 1598
1 4002 1599
1 4002 1600
1 4002 1601
1 4002 1602
1 4002 1603
1 4002 1604
1 4002 1605
1 4002 1606
1 4002 1607
1 4002 1608
1 4002 1609
1 4002 1610
1 4002 1611
1 4002 1612
1 4002 1613
1 4002 1614
1 4002 1615
1 4002 1616
1 4002 1617
1 4002 1618
1 4002 1619
1 4002 1620
1 4002 1621
1 4002 1622
1 4002 1623
1 4002 1624
1 4002 1625
1 4002 1626
1 4002 1627
1 4002 1628
1 4002 1629
1 4002 1630
1 4002 1631
1 4002 1632
1 4002 1633
1 4002 1634
1 4002 1635
1 4002 1636
1 4002 1637
1 4002 1638
1 4002 1639
1 4002 1640
1 4002 1641
1 4002 1642
1 4002 1643
1 4002 1644
1 4002 1645
1 4002 1646
1 4002 1647
1 4002 1648
1 4002 1649
1 4002 1650
1 4002 1651
1 4002 1652
1 4002 1653
1 4002 1654
1 4002 1655
1 4002 1656
1 4002 1657
1 4002 1658
1 4002 1659
1 4002 1660
1 4002 1661
1 4002 1662
1 4002 1663
1 4002 1664
1 4002 1665
1 4002 1666
1 4002 1667
1 4002 1668
1 4002 1669
1 4002 1670
1 4002 1671
1 4002 1672
1 4002 1673
1 4002 1674
1 4002 1675
1 4002 1676
1 4002 1677
1 4002 1678
1 4002 1679
1 4002 1680
1 4002 1681
1 4002 1682
1 4002 1683
1 4002 1684
1 4002 1685
1 4002 1686
1 4002 1687
1 4002 1688
1 4002 1689
1 4002 1690
1 4002 1691
1 4002 1692
1 4002 1693
1 4002 1694
1 4002 1695
1 4002 1696
1 4002 1697
1 4002 1698
1 4002 1699
1 4002 1700
1 4002 1701
1 4002 1702
1 4002 1703
1 4002 1704
1 4002 1705
1 4002 1706
1 4002 1707
1 4002 1708
1 4002 1709
1 4002 1710
1 4002 1711
1 4002 1712
1 4002 1713
1 4002 1714
1 4002 1715
1 4002 1716
1 4002 1717
1 4002 1718
1 4002 1719
1 4002 1720
1 4002 1721
1 4002 1722
1 4002 1723
1 4002 1724
1 4002 1725
1 4002 1726
1 4002 1727
1 4002 1728
1 4002 1729
1 4002 1730
1 4002 1731
1 4002 1732
1 4002 1733
1 4002 1734
1 4002 1735
1 4002 1736
1 4002 1737
1 4002 1738
1 4002 1739
1 4002 1740
1 4002 1741
1 4002 1742
1 4002 1743
1 4002 1744
1 4002 1745
1 4002 1746
1 4002 1747
1 4002 1748
1 4002 1749
1 4002 1750
1 4002 1751
1 4002 1752
1 4002 1753
1 4002 1754
1 4002 1755
1 4002 1756
1 4002 1757
1 4002 1758
1 4002 1759
1 4002 1760
1 4002 1761
1 4002 1762
1 4002 1763
1 4002 1764
1 4002 1765
1 4002 1766
1 4002 1767
1 4002 1768
1 4002 1769
1 4002 1770
1 4002 1771
1 4002 1772
1 4002 1773
1 4002 1774
1 4002 1775
1 4002 1776
1 4002 1777
1 4002 1778
1 4002 1779
1 4002 1780
1 4002 1781
1 4002 1782
1 4002 1783
1 4002 1784
1 4002 1785
1 4002 1786
1 4002 1787
1 4002 1788
1 4002 1789
1 4002 1790
1 4002 1791
1 4002 1792
1 4002 1793
1 4002 1794
1 4002 1795
1 4002 1796
1 4002 1797
1 4002 1798
1 4002 1799
1 4002 1800
1 4002 1801
1 4002 1802
1 4002 1803
1 4002 1804
1 4002 1805
1 4002 1806
1 4002 1807
1 4002 1808
1 4002 1809
1 4002 1810
1 4002 1811
1 4002 1812
1 4002 1813
1 4002 1814
1 4002 1815
1 4002 1816
1 4002 1817
1 4002 1818
1 4002 1819
1 4002 1820
1 4002 1821
1 4002 1822
1 4002 1823
1 4002 1824
1 4002 1825
1 4002 1826
1 4002 1827
1 4002 1828
1 4002 1829
1 4002 1830
1 4002 1831
1 4002 1832
1 4002 1833
1 4002 1834
1 4002 1835
1 4002 1836
1 4002 1837
1 4002 1838
1 4002 1839
1 4002 1840
1 4002 1841
1 4002 1842
1 4002 1843
1 4002 1844
1 4002 1845
1 4002 1846
1 4002 1847
1 4002 1848
1 4002 1849
1 4002 1850
1 4002 1851
1 4002 1852
1 4002 1853
1 4002 1854
1 4002 1855
1 4002 1856
1 4002 1857
1 4002 1858
1 4002 1859
1 4002 1860
1 4002 1861
1 4002 1862
1 4002 1863
1 4002 1864
1 4002 1865
1 4002 1866
1 4002 1867
1 4002 1868
1 4002 1869
1 4002 1870
1 4002 1871
1 4002 1872
1 4002 1873
1 4002 1874
1 4002 1875
1 4002 1876
1 4002 1877
1 4002 1878
1 4002 1879
1 4002 1880
1 4002 1881
1 4002 1882
1 4002 1883
1 4002 1884
1 4002 1885
1 4002 1886
1 4002 1887
1 4002 1888
1 4002 1889
1 4002 1890
1 4002 1891
1 4002 1892
1 4002 1893
1 4002 1894
1 4002 1895
1 4002 1896
1 4002 1897
1 4002 1898
1 4002 1899
1 4002 1900
1 4002 1901
1 4002 1902
1 4002 1903
1 4002 1904
1 4002 1905
1 4002 1906
1 4002 1907
1 4002 1908
1 4002 1909
1 4002 1910
1 4002 1911
1 4002 1912
1 4002 1913
1 4002 1914
1 4002 1915
1 4002 1916
1 4002 1917
1 4002 1918
1 4002 1919
1 4002 1920
1 4002 1921
1 4002 1922
1 4002 1923
1 4002 1924
1 4002 1925
1 4002 1926
1 4002 1927
1 4002 1928
1 4002 1929
1 4002 1930
1 4002 1931
1 4002 1932
1 4002 1933
1 4002 1934
1 4002 1935
1 4002 1936
1 4002 1937
1 4002 1938
1 4002 1939
1 4002 1940
1 4002 1941
1 4002 1942
1 4002 1943
1 4002 1944
1 4002 1945
1 4002 1946
1 4002 1947
1 4002 1948
1 4002 1949
1 4002 1950
1 4002 1951
1 4002 1952
1 4002 1953
1 4002 1954
1 4002 1955
1 4002 1956
1 4002 1957
1 4002 1958
1 4002 1959
1 4002 1960
1 4002 1961
1 4002 1962
1 4002 1963
1 4002 1964
1 4002 1965
1 4002 1966
1 4002 1967
1 4002 1968
1 4002 1969
1 4002 1970
1 4002 1971
1 4002 1972
1 4002 1973
1 4002 1974
1 4002 1975
1 4002 1976
1 4002 1977
1 4002 1978
1 4002 1979
1 4002 1980
1 4002 1981
1 4002 1982
1 4002 1983
1 4002 1984
1 4002 1985
1 4002 1986
1 4002 1987
1 4002 1988
1 4002 1989
1 4002 1990
1 4002 1991
1 4002 1992
1 4002 1993
1 4002 1994
1 4002 1995
1 4002 1996
1 4002 1997
1 4002 1998
1 4002 1999
1 4002 2000
1 4002 2001
1 4002 2002
1 4002 2003
1 4002 2004
1 4002 2005
1 4002 2006
1 4002 2007
1 4002 2008
1 4002 2009
1 4002 2010
1 4002 2011
1 4002 2012
1 4002 2013
1 4002 2014
1 4002 2015
1 4002 2016
1 4002 2017
1 4002 2018
1 4002 2019
1 4002 2020
1 4002 2021
1 4002 2022
1 4002 2023
1 4002 2024
1 4002 2025
1 4002 2026
1 4002 2027
1 4002 2028
1 4002 2029
1 4002 2030
1 4002 2031
1 4002 2032
1 4002 2033
1 4002 2034
1 4002 2035
1 4002 2036
1 4002 2037
1 4002 2038
1 4002 2039
1 4002 2040
1 4002 2041
1 4002 2042
1 4002 2043
1 4002 2044
1 4002 2045
1 4002 2046
1 4002 2047
1 4002 2048
1 4002 2049
1 4002 2050
1 4002 2051
1 4002 2052
1 4002 2053
1 4002 2054
1 4002 2055
1 4002 2056
1 4002 2057
1 4002 2058
1 4002 2059
1 4002 2060
1 4002 2061
1 4002 2062
1 4002 2063
1 4002 2064
1 4002 2065
1 4002 2066
1 4002 2067
1 4002 2068
1 4002 2069
1 4002 2070
1 4002 2071
1 4002 2072
1 4002 2073
1 4002 2074
1 4002 2075
1 4002 2076
1 4002 2077
1 4002 2078
1 4002 2079
1 4002 2080
1 4002 2081
1 4002 2082
1 4002 2083
1 4002 2084
1 4002 2085
1 4002 2086
1 4002 2087
1 4002 2088
1 4002 2089
1 4002 2090
1 4002 2091
1 4002 2092
1 4002 2093
1 4002 2094
1 4002 2095
1 4002 2096
1 4002 2097
1 4002 2098
1 4002 2099
1 4002 2100
1 4002 2101
1 4002 2102
1 4002 2103
1 4002 2104
1 4002 2105
1 4002 2106
1 4002 2107
1 4002 2108
1 4002 2109
1 4002 2110
1 4002 2111
1 4002 2112
1 4002 2113
1 4002 2114
1 4002 2115
1 4002 2116
1 4002 2117
1 4002 2118
1 4002 2119
1 4002 2120
1 4002 2121
1 4002 2122
1 4002 2123
1 4002 2124
1 4002 2125
1 4002 2126
1 4002 2127
1 4002 2128
1 4002 2129
1 4002 2130
1 4002 2131
1 4002 2132
1 4002 2133
1 4002 2134
1 4002 2135
1 4002 2136
1 4002 2137
1 4002 2138
1 4002 2139
1 4002 2140
1 4002 2141
1 4002 2142
1 4002 2143
1 4002 2144
1 4002 2145
1 4002 2146
1 4002 2147
1 4002 2148
1 4002 2149
1 4002 2150
1 4002 2151
1 4002 2152
1 4002 2153
1 4002 2154
1 4002 2155
1 4002 2156
1 4002 2157
1 4002 2158
1 4002 2159
1 4002 2160
1 4002 2161
1 4002 2162
1 4002 2163
1 4002 2164
1 4002 2165
1 4002 2166
1 4002 2167
1 4002 2168
1 4002 2169
1 4002 2170
1 4002 2171
1 4002 2172
1 4002 2173
1 4002 2174
1 4002 2175
1 4002 2176
1 4002 2177
1 4002 2178
1 4002 2179
1 4002 2180
1 4002 2181
1 4002 2182
1 4002 2183
1 4002 2184
1 4002 2185
1 4002 2186
1 4002 2187
1 4002 2188
1 4002 2189
1 4002 2190
1 4002 2191
1 4002 2192
1 4002 2193
1 4002 2194
1 4002 2195
1 4002 2196
1 4002 2197
1 4002 2198
1 4002 2199
1 4002 2200
1 4002 2201
1 4002 2202
1 4002 2203
1 4002 2204
1 4002 2205
1 4002 2206
1 4002 2207
1 4002 2208
1 4002 2209
1 4002 2210
1 4002 2211
1 4002 2212
1 4002 2213
1 4002 2214
1 4002 2215
1 4002 2216
1 4002 2217
1 4002 2218
1 4002 2219
1 4002 2220
1 4002 2221
1 4002 2222
1 4002 2223
1 4002 2224
1 4002 2225
1 4002 2226
1 4002 2227
1 4002 2228
1 4002 2229
1 4002 2230
1 4002 2231
1 4002 2232
1 4002 2233
1 4002 2234
1 4002 2235
1 4002 2236
1 4002 2237
1 4002 2238
1 4002 2239
1 4002 2240
1 4002 2241
1 4002 2242
1 4002 2243
1 4002 2244
1 4002 2245
1 4002 2246
1 4002 2247
1 4002 2248
1 4002 2249
1 4002 2250
1 4002 2251
1 4002 2252
1 4002 2253
1 4002 2254
1 4002 2255
1 4002 2256
1 4002 2257
1 4002 2258
1 4002 2259
1 4002 2260
1 4002 2261
1 4002 2262
1 4002 2263
1 4002 2264
1 4002 2265
1 4002 2266
1 4002 2267
1 4002 2268
1 4002 2269
1 4002 2270
1 4002 2271
1 4002 2272
1 4002 2273
1 4002 2274
1 4002 2275
1 4002 2276
1 4002 2277
1 4002 2278
1 4002 2279
1 4002 2280
1 4002 2281
1 4002 2282
1 4002 2283
1 4002 2284
1 4002 2285
1 4002 2286
1 4002 2287
1 4002 2288
1 4002 2289
1 4002 2290
1 4002 2291
1 4002 2292
1 4002 2293
1 4002 2294
1 4002 2295
1 4002 2296
1 4002 2297
1 4002 2298
1 4002 2299
1 4002 2300
1 4002 2301
1 4002 2302
1 4002 2303
1 4002 2304
1 4002 2305
1 4002 2306
1 4002 2307
1 4002 2308
1 4002 2309
1 4002 2310
1 4002 2311
1 4002 2312
1 4002 2313
1 4002 2314
1 4002 2315
1 4002 2316
1 4002 2317
1 4002 2318
1 4002 2319
1 4002 2320
1 4002 2321
1 4002 2322
1 4002 2323
1 4002 2324
1 4002 2325
1 4002 2326
1 4002 2327
1 4002 2328
1 4002 2329
1 4002 2330
1 4002 2331
1 4002 2332
1 4002 2333
1 4002 2334
1 4002 2335
1 4002 2336
1 4002 2337
1 4002 2338
1 4002 2339
1 4002 2340
1 4002 2341
1 4002 2342
1 4002 2343
1 4002 2344
1 4002 2345
1 4002 2346
1 4002 2347
1 4002 2348
1 4002 2349
1 4002 2350
1 4002 2351
1 4002 2352
1 4002 2353
1 4002 2354
1 4002 2355
1 4002 2356
1 4002 2357
1 4002 2358
1 4002 2359
1 4002 2360
1 4002 2361
1 4002 2362
1 4002 2363
1 4002 2364
1 4002 2365
1 4002 2366
1 4002 2367
1 4002 2368
1 4002 2369
1 4002 2370
1 4002 2371
1 4002 2372
1 4002 2373
1 4002 2374
1 4002 2375
1 4002 2376
1 4002 2377
1 4002 2378
1 4002 2379
1 4002 2380
1 4002 2381
1 4002 2382
1 4002 2383
1 4002 2384
1 4002 2385
1 4002 2386
1 4002 2387
1 4002 2388
1 4002 2389
1 4002 2390
1 4002 2391
1 4002 2392
1 4002 2393
1 4002 2394
1 4002 2395
1 4002 2396
1 4002 2397
1 4002 2398
1 4002 2399
1 4002 2400
1 4002 2401
1 4002 2402
1 4002 2403
1 4002 2404
1 4002 2405
1 4002 2406
1 4002 2407
1 4002 2408
1 4002 2409
1 4002 2410
1 4002 2411
1 4002 2412
1 4002 2413
1 4002 2414
1 4002 2415
1 4002 2416
1 4002 2417
1 4002 2418
1 4002 2419
1 4002 2420
1 4002 2421
1 4002 2422
1 4002 2423
1 4002 2424
1 4002 2425
1 4002 2426
1 4002 2427
1 4002 2428
1 4002 2429
1 4002 2430
1 4002 2431
1 4002 2432
1 4002 2433
1 4002 2434
1 4002 2435
1 4002 2436
1 4002 2437
1 4002 2438
1 4002 2439
1 4002 2440
1 4002 2441
1 4002 2442
1 4002 2443
1 4002 2444
1 4002 2445
1 4002 2446
1 4002 2447
1 4002 2448
1 4002 2449
1 4002 2450
1 4002 2451
1 4002 2452
1 4002 2453
1 4002 2454
1 4002 2455
1 4002 2456
1 4002 2457
1 4002 2458
1 4002 2459
1 4002 2460
1 4002 2461
1 4002 2462
1 4002 2463
1 4002 2464
1 4002 2465
1 4002 2466
1 4002 2467
1 4002 2468
1 4002 2469
1 4002 2470
1 4002 2471
1 4002 2472
1 4002 2473
1 4002 2474
1 4002 2475
1 4002 2476
1 4002 2477
1 4002 2478
1 4002 2479
1 4002 2480
1 4002 2481
1 4002 2482
1 4002 2483
1 4002 2484
1 4002 2485
1 4002 2486
1 4002 2487
1 4002 2488
1 4002 2489
1 4002 2490
1 4002 2491
1 4002 2492
1 4002 2493
1 4002 2494
1 4002 2495
1 4002 2496
1 4002 2497
1 4002 2498
1 4002 2499
1 4002 2500
1 4002 2501
1 4002 2502
1 4002 2503
1 4002 2504
1 4002 2505
1 4002 2506
1 4002 2507
1 4002 2508
1 4002 2509
1 4002 2510
1 4002 2511
1 4002 2512
1 4002 2513
1 4002 2514
1 4002 2515
1 4002 2516
1 4002 2517
1 4002 2518
1 4002 2519
1 4002 2520
1 4002 2521
1 4002 2522
1 4002 2523
1 4002 2524
1 4002 2525
1 4002 2526
1 4002 2527
1 4002 2528
1 4002 2529
1 4002 2530
1 4002 2531
1 4002 2532
1 4002 2533
1 4002 2534
1 4002 2535
1 4002 2536
1 4002 2537
1 4002 2538
1 4002 2539
1 4002 2540
1 4002 2541
1 4002 2542
1 4002 2543
1 4002 2544
1 4002 2545
1 4002 2546
1 4002 2547
1 4002 2548
1 4002 2549
1 4002 2550
1 4002 2551
1 4002 2552
1 4002 2553
1 4002 2554
1 4002 2555
1 4002 2556
1 4002 2557
1 4002 2558
1 4002 2559
1 4002 2560
1 4002 2561
1 4002 2562
1 4002 2563
1 4002 2564
1 4002 2565
1 4002 2566
1 4002 2567
1 4002 2568
1 4002 2569
1 4002 2570
1 4002 2571
1 4002 2572
1 4002 2573
1 4002 2574
1 4002 2575
1 4002 2576
1 4002 2577
1 4002 2578
1 4002 2579
1 4002 2580
1 4002 2581
1 4002 2582
1 4002 2583
1 4002 2584
1 4002 2585
1 4002 2586
1 4002 2587
1 4002 2588
1 4002 2589
1 4002 2590
1 4002 2591
1 4002 2592
1 4002 2593
1 4002 2594
1 4002 2595
1 4002 2596
1 4002 2597
1 4002 2598
1 4002 2599
1 4002 2600
1 4002 2601
1 4002 2602
1 4002 2603
1 4002 2604
1 4002 2605
1 4002 2606
1 4002 2607
1 4002 2608
1 4002 2609
1 4002 2610
1 4002 2611
1 4002 2612
1 4002 2613
1 4002 2614
1 4002 2615
1 4002 2616
1 4002 2617
1 4002 2618
1 4002 2619
1 4002 2620
1 4002 2621
1 4002 2622
1 4002 2623
1 4002 2624
1 4002 2625
1 4002 2626
1 4002 2627
1 4002 2628
1 4002 2629
1 4002 2630
1 4002 2631
1 4002 2632
1 4002 2633
1 4002 2634
1 4002 2635
1 4002 2636
1 4002 2637
1 4002 2638
1 4002 2639
1 4002 2640
1 4002 2641
1 4002 2642
1 4002 2643
1 4002 2644
1 4002 2645
1 4002 2646
1 4002 2647
1 4002 2648
1 4002 2649
1 4002 2650
1 4002 2651
1 4002 2652
1 4002 2653
1 4002 2654
1 4002 2655
1 4002 2656
1 4002 2657
1 4002 2658
1 4002 2659
1 4002 2660
1 4002 2661
1 4002 2662
1 4002 2663
1 4002 2664
1 4002 2665
1 4002 2666
1 4002 2667
1 4002 2668
1 4002 2669
1 4002 2670
1 4002 2671
1 4002 2672
1 4002 2673
1 4002 2674
1 4002 2675
1 4002 2676
1 4002 2677
1 4002 2678
1 4002 2679
1 4002 2680
1 4002 2681
1 4002 2682
1 4002 2683
1 4002 2684
1 4002 2685
1 4002 2686
1 4002 2687
1 4002 2688
1 4002 2689
1 4002 2690
1 4002 2691
1 4002 2692
1 4002 2693
1 4002 2694
1 4002 2695
1 4002 2696
1 4002 2697
1 4002 2698
1 4002 2699
1 4002 2700
1 4002 2701
1 4002 2702
1 4002 2703
1 4002 2704
1 4002 2705
1 4002 2706
1 4002 2707
1 4002 2708
1 4002 2709
1 4002 2710
1 4002 2711
1 4002 2712
1 4002 2713
1 4002 2714
1 4002 2715
1 4002 2716
1 4002 2717
1 4002 2718
1 4002 2719
1 4002 2720
1 4002 2721
1 4002 2722
1 4002 2723
1 4002 2724
1 4002 2725
1 4002 2726
1 4002 2727
1 4002 2728
1 4002 2729
1 4002 2730
1 4002 2731
1 4002 2732
1 4002 2733
1 4002 2734
1 4002 2735
1 4002 2736
1 4002 2737
1 4002 2738
1 4002 2739
1 4002 2740
1 4002 2741
1 4002 2742
1 4002 2743
1 4002 2744
1 4002 2745
1 4002 2746
1 4002 2747
1 4002 2748
1 4002 2749
1 4002 2750
1 4002 2751
1 4002 2752
1 4002 2753
1 4002 2754
1 4002 2755
1 4002 2756
1 4002 2757
1 4002 2758
1 4002 2759
1 4002 2760
1 4002 2761
1 4002 2762
1 4002 2763
1 4002 2764
1 4002 2765
1 4002 2766
1 4002 2767
1 4002 2768
1 4002 2769
1 4002 2770
1 4002 2771
1 4002 2772
1 4002 2773
1 4002 2774
1 4002 2775
1 4002 2776
1 4002 2777
1 4002 2778
1 4002 2779
1 4002 2780
1 4002 2781
1 4002 2782
1 4002 2783
1 4002 2784
1 4002 2785
1 4002 2786
1 4002 2787
1 4002 2788
1 4002 2789
1 4002 2790
1 4002 2791
1 4002 2792
1 4002 2793
1 4002 2794
1 4002 2795
1 4002 2796
1 4002 2797
1 4002 2798
1 4002 2799
1 4002 2800
1 4002 2801
1 4002 2802
1 4002 2803
1 4002 2804
1 4002 2805
1 4002 2806
1 4002 2807
1 4002 2808
1 4002 2809
1 4002 2810
1 4002 2811
1 4002 2812
1 4002 2813
1 4002 2814
1 4002 2815
1 4002 2816
1 4002 2817
1 4002 2818
1 4002 2819
1 4002 2820
1 4002 2821
1 4002 2822
1 4002 2823
1 4002 2824
1 4002 2825
1 4002 2826
1 4002 2827
1 4002 2828
1 4002 2829
1 4002 2830
1 4002 2831
1 4002 2832
1 4002 2833
1 4002 2834
1 4002 2835
1 4002 2836
1 4002 2837
1 4002 2838
1 4002 2839
1 4002 2840
1 4002 2841
1 4002 2842
1 4002 2843
1 4002 2844
1 4002 2845
1 4002 2846
1 4002 2847
1 4002 2848
1 4002 2849
1 4002 2850
1 4002 2851
1 4002 2852
1 4002 2853
1 4002 2854
1 4002 2855
1 4002 2856
1 4002 2857
1 4002 2858
1 4002 2859
1 4002 2860
1 4002 2861
1 4002 2862
1 4002 2863
1 4002 2864
1 4002 2865
1 4002 2866
1 4002 2867
1 4002 2868
1 4002 2869
1 4002 2870
1 4002 2871
1 4002 2872
1 4002 2873
1 4002 2874
1 4002 2875
1 4002 2876
1 4002 2877
1 4002 2878
1 4002 2879
1 4002 2880
1 4002 2881
1 4002 2882
1 4002 2883
1 4002 2884
1 4002 2885
1 4002 2886
1 4002 2887
1 4002 2888
1 4002 2889
1 4002 2890
1 4002 2891
1 4002 2892
1 4002 2893
1 4002 2894
1 4002 2895
1 4002 2896
1 4002 2897
1 4002 2898
1 4002 2899
1 4002 2900
1 4002 2901
1 4002 2902
1 4002 2903
1 4002 2904
1 4002 2905
1 4002 2906
1 4002 2907
1 4002 2908
1 4002 2909
1 4002 2910
1 4002 2911
1 4002 2912
1 4002 2913
1 4002 2914
1 4002 2915
1 4002 2916
1 4002 2917
1 4002 2918
1 4002 2919
1 4002 2920
1 4002 2921
1 4002 2922
1 4002 2923
1 4002 2924
1 4002 2925
1 4002 2926
1 4002 2927
1 4002 2928
1 4002 2929
1 4002 2930
1 4002 2931
1 4002 2932
1 4002 2933
1 4002 2934
1 4002 2935
1 4002 2936
1 4002 2937
1 4002 2938
1 4002 2939
1 4002 2940
1 4002 2941
1 4002 2942
1 4002 2943
1 4002 2944
1 4002 2945
1 4002 2946
1 4002 2947
1 4002 2948
1 4002 2949
1 4002 2950
1 4002 2951
1 4002 2952
1 4002 2953
1 4002 2954
1 4002 2955
1 4002 2956
1 4002 2957
1 4002 2958
1 4002 2959
1 4002 2960
1 4002 2961
1 4002 2962
1 4002 2963
1 4002 2964
1 4002 2965
1 4002 2966
1 4002 2967
1 4002 2968
1 4002 2969
1 4002 2970
1 4002 2971
1 4002 2972
1 4002 2973
1 4002 2974
1 4002 2975
1 4002 2976
1 4002 2977
1 4002 2978
1 4002 2979
1 4002 2980
1 4002 2981
1 4002 2982
1 4002 2983
1 4002 2984
1 4002 2985
1 4002 2986
1 4002 2987
1 4002 2988
1 4002 2989
1 4002 2990
1 4002 2991
1 4002 2992
1 4002 2993
1 4002 2994
1 4002 2995
1 4002 2996
1 4002 2997
1 4002 2998
1 4002 2999
1 4002 3000
1 4002 3001
1 4002 3002
1 4002 3003
1 4002 3004
1 4002 3005
1 4002 3006
1 4002 3007
1 4002 3008
1 4002 3009
1 4002 3010
1 4002 3011
1 4002 3012
1 4002 3013
1 4002 3014
1 4002 3015
1 4002 3016
1 4002 3017
1 4002 3018
1 4002 3019
1 4002 3020
1 4002 3021
1 4002 3022
1 4002 3023
1 4002 3024
1 4002 3025
1 4002 3026
1 4002 3027
1 4002 3028
1 4002 3029
1 4002 3030
1 4002 3031
1 4002 3032
1 4002 3033
1 4002 3034
1 4002 3035
1 4002 3036
1 4002 3037
1 4002 3038
1 4002 3039
1 4002 3040
1 4002 3041
1 4002 3042
1 4002 3043
1 4002 3044
1 4002 3045
1 4002 3046
1 4002 3047
1 4002 3048
1 4002 3049
1 4002 3050
1 4002 3051
1 4002 3052
1 4002 3053
1 4002 3054
1 4002 3055
1 4002 3056
1 4002 3057
1 4002 3058
1 4002 3059
1 4002 3060
1 4002 3061
1 4002 3062
1 4002 3063
1 4002 3064
1 4002 3065
1 4002 3066
1 4002 3067
1 4002 3068
1 4002 3069
1 4002 3070
1 4002 3071
1 4002 3072
1 4002 3073
1 4002 3074
1 4002 3075
1 4002 3076
1 4002 3077
1 4002 3078
1 4002 3079
1 4002 3080
1 4002 3081
1 4002 3082
1 4002 3083
1 4002 3084
1 4002 3085
1 4002 3086
1 4002 3087
1 4002 3088
1 4002 3089
1 4002 3090
1 4002 3091
1 4002 3092
1 4002 3093
1 4002 3094
1 4002 3095
1 4002 3096
1 4002 3097
1 4002 3098
1 4002 3099
1 4002 3100
1 4002 3101
1 4002 3102
1 4002 3103
1 4002 3104
1 4002 3105
1 4002 3106
1 4002 3107
1 4002 3108
1 4002 3109
1 4002 3110
1 4002 3111
1 4002 3112
1 4002 3113
1 4002 3114
1 4002 3115
1 4002 3116
1 4002 3117
1 4002 3118
1 4002 3119
1 4002 3120
1 4002 3121
1 4002 3122
1 4002 3123
1 4002 3124
1 4002 3125
1 4002 3126
1 4002 3127
1 4002 3128
1 4002 3129
1 4002 3130
1 4002 3131
1 4002 3132
1 4002 3133
1 4002 3134
1 4002 3135
1 4002 3136
1 4002 3137
1 4002 3138
1 4002 3139
1 4002 3140
1 4002 3141
1 4002 3142
1 4002 3143
1 4002 3144
1 4002 3145
1 4002 3146
1 4002 3147
1 4002 3148
1 4002 3149
1 4002 3150
1 4002 3151
1 4002 3152
1 4002 3153
1 4002 3154
1 4002 3155
1 4002 3156
1 4002 3157
1 4002 3158
1 4002 3159
1 4002 3160
1 4002 3161
1 4002 3162
1 4002 3163
1 4002 3164
1 4002 3165
1 4002 3166
1 4002 3167
1 4002 3168
1 4002 3169
1 4002 3170
1 4002 3171
1 4002 3172
1 4002 3173
1 4002 3174
1 4002 3175
1 4002 3176
1 4002 3177
1 4002 3178
1 4002 3179
1 4002 3180
1 4002 3181
1 4002 3182
1 4002 3183
1 4002 3184
1 4002 3185
1 4002 3186
1 4002 3187
1 4002 3188
1 4002 3189
1 4002 3190
1 4002 3191
1 4002 3192
1 4002 3193
1 4002 3194
1 4002 3195
1 4002 3196
1 4002 3197
1 4002 3198
1 4002 3199
1 4002 3200
1 4002 3201
1 4002 3202
1 4002 3203
1 4002 3204
1 4002 3205
1 4002 3206
1 4002 3207
1 4002 3208
1 4002 3209
1 4002 3210
1 4002 3211
1 4002 3212
1 4002 3213
1 4002 3214
1 4002 3215
1 4002 3216
1 4002 3217
1 4002 3218
1 4002 3219
1 4002 3220
1 4002 3221
1 4002 3222
1 4002 3223
1 4002 3224
1 4002 3225
1 4002 3226
1 4002 3227
1 4002 3228
1 4002 3229
1 4002 3230
1 4002 3231
1 4002 3232
1 4002 3233
1 4002 3234
1 4002 3235
1 4002 3236
1 4002 3237
1 4002 3238
1 4002 3239
1 4002 3240
1 4002 3241
1 4002 3242
1 4002 3243
1 4002 3244
1 4002 3245
1 4002 3246
1 4002 3247
1 4002 3248
1 4002 3249
1 4002 3250
1 4002 3251
1 4002 3252
1 4002 3253
1 4002 3254
1 4002 3255
1 4002 3256
1 4002 3257
1 4002 3258
1 4002 3259
1 4002 3260
1 4002 3261
1 4002 3262
1 4002 3263
1 4002 3264
1 4002 3265
1 4002 3266
1 4002 3267
1 4002 3268
1 4002 3269
1 4002 3270
1 4002 3271
1 4002 3272
1 4002 3273
1 4002 3274
1 4002 3275
1 4002 3276
1 4002 3277
1 4002 3278
1 4002 3279
1 4002 3280
1 4002 3281
1 4002 3282
1 4002 3283
1 4002 3284
1 4002 3285
1 4002 3286
1 4002 3287
1 4002 3288
1 4002 3289
1 4002 3290
1 4002 3291
1 4002 3292
1 4002 3293
1 4002 3294
1 4002 3295
1 4002 3296
1 4002 3297
1 4002 3298
1 4002 3299
1 4002 3300
1 4002 3301
1 4002 3302
1 4002 3303
1 4002 3304
1 4002 3305
1 4002 3306
1 4002 3307
1 4002 3308
1 4002 3309
1 4002 3310
1 4002 3311
1 4002 3312
1 4002 3313
1 4002 3314
1 4002 3315
1 4002 3316
1 4002 3317
1 4002 3318
1 4002 3319
1 4002 3320
1 4002 3321
1 4002 3322
1 4002 3323
1 4002 3324
1 4002 3325
1 4002 3326
1 4002 3327
1 4002 3328
1 4002 3329
1 4002 3330
1 4002 3331
1 4002 3332
1 4002 3333
1 4002 3334
1 4002 3335
1 4002 3336
1 4002 3337
1 4002 3338
1 4002 3339
1 4002 3340
1 4002 3341
1 4002 3342
1 4002 3343
1 4002 3344
1 4002 3345
1 4002 3346
1 4002 3347
1 4002 3348
1 4002 3349
1 4002 3350
1 4002 3351
1 4002 3352
1 4002 3353
1 4002 3354
1 4002 3355
1 4002 3356
1 4002 3357
1 4002 3358
1 4002 3359
1 4002 3360
1 4002 3361
1 4002 3362
1 4002 3363
1 4002 3364
1 4002 3365
1 4002 3366
1 4002 3367
1 4002 3368
1 4002 3369
1 4002 3370
1 4002 3371
1 4002 3372
1 4002 3373
1 4002 3374
1 4002 3375
1 4002 3376
1 4002 3377
1 4002 3378
1 4002 3379
1 4002 3380
1 4002 3381
1 4002 3382
1 4002 3383
1 4002 3384
1 4002 3385
1 4002 3386
1 4002 3387
1 4002 3388
1 4002 3389
1 4002 3390
1 4002 3391
1 4002 3392
1 4002 3393
1 4002 3394
1 4002 3395
1 4002 3396
1 4002 3397
1 4002 3398
1 4002 3399
1 4002 3400
1 4002 3401
1 4002 3402
1 4002 3403
1 4002 3404
1 4002 3405
1 4002 3406
1 4002 3407
1 4002 3408
1 4002 3409
1 4002 3410
1 4002 3411
1 4002 3412
1 4002 3413
1 4002 3414
1 4002 3415
1 4002 3416
1 4002 3417
1 4002 3418
1 4002 3419
1 4002 3420
1 4002 3421
1 4002 3422
1 4002 3423
1 4002 3424
1 4002 3425
1 4002 3426
1 4002 3427
1 4002 3428
1 4002 3429
1 4002 3430
1 4002 3431
1 4002 3432
1 4002 3433
1 4002 3434
1 4002 3435
1 4002 3436
1 4002 3437
1 4002 3438
1 4002 3439
1 4002 3440
1 4002 3441
1 4002 3442
1 4002 3443
1 4002 3444
1 4002 3445
1 4002 3446
1 4002 3447
1 4002 3448
1 4002 3449
1 4002 3450
1 4002 3451
1 4002 3452
1 4002 3453
1 4002 3454
1 4002 3455
1 4002 3456
1 4002 3457
1 4002 3458
1 4002 3459
1 4002 3460
1 4002 3461
1 4002 3462
1 4002 3463
1 4002 3464
1 4002 3465
1 4002 3466
1 4002 3467
1 4002 3468
1 4002 3469
1 4002 3470
1 4002 3471
1 4002 3472
1 4002 3473
1 4002 3474
1 4002 3475
1 4002 3476
1 4002 3477
1 4002 3478
1 4002 3479
1 4002 3480
1 4002 3481
1 4002 3482
1 4002 3483
1 4002 3484
1 4002 3485
1 4002 3486
1 4002 3487
1 4002 3488
1 4002 3489
1 4002 3490
1 4002 3491
1 4002 3492
1 4002 3493
1 4002 3494
1 4002 3495
1 4002 3496
1 4002 3497
1 4002 3498
1 4002 3499
1 4002 3500
1 4002 3501
1 4002 3502
1 4002 3503
1 4002 3504
1 4002 3505
1 4002 3506
1 4002 3507
1 4002 3508
1 4002 3509
1 4002 3510
1 4002 3511
1 4002 3512
1 4002 3513
1 4002 3514
1 4002 3515
1 4002 3516
1 4002 3517
1 4002 3518
1 4002 3519
1 4002 3520
1 4002 3521
1 4002 3522
1 4002 3523
1 4002 3524
1 4002 3525
1 4002 3526
1 4002 3527
1 4002 3528
1 4002 3529
1 4002 3530
1 4002 3531
1 4002 3532
1 4002 3533
1 4002 3534
1 4002 3535
1 4002 3536
1 4002 3537
1 4002 3538
1 4002 3539
1 4002 3540
1 4002 3541
1 4002 3542
1 4002 3543
1 4002 3544
1 4002 3545
1 4002 3546
1 4002 3547
1 4002 3548
1 4002 3549
1 4002 3550
1 4002 3551
1 4002 3552
1 4002 3553
1 4002 3554
1 4002 3555
1 4002 3556
1 4002 3557
1 4002 3558
1 4002 3559
1 4002 3560
1 4002 3561
1 4002 3562
1 4002 3563
1 4002 3564
1 4002 3565
1 4002 3566
1 4002 3567
1 4002 3568
1 4002 3569
1 4002 3570
1 4002 3571
1 4002 3572
1 4002 3573
1 4002 3574
1 4002 3575
1 4002 3576
1 4002 3577
1 4002 3578
1 4002 3579
1 4002 3580
1 4002 3581
1 4002 3582
1 4002 3583
1 4002 3584
1 4002 3585
1 4002 3586
1 4002 3587
1 4002 3588
1 4002 3589
1 4002 3590
1 4002 3591
1 4002 3592
1 4002 3593
1 4002 3594
1 4002 3595
1 4002 3596
1 4002 3597
1 4002 3598
1 4002 3599
1 4002 3600
1 4002 3601
1 4002 3602
1 4002 3603
1 4002 3604
1 4002 3605
1 4002 3606
1 4002 3607
1 4002 3608
1 4002 3609
1 4002 3610
1 4002 3611
1 4002 3612
1 4002 3613
1 4002 3614
1 4002 3615
1 4002 3616
1 4002 3617
1 4002 3618
1 4002 3619
1 4002 3620
1 4002 3621
1 4002 3622
1 4002 3623
1 4002 3624
1 4002 3625
1 4002 3626
1 4002 3627
1 4002 3628
1 4002 3629
1 4002 3630
1 4002 3631
1 4002 3632
1 4002 3633
1 4002 3634
1 4002 3635
1 4002 3636
1 4002 3637
1 4002 3638
1 4002 3639
1 4002 3640
1 4002 3641
1 4002 3642
1 4002 3643
1 4002 3644
1 4002 3645
1 4002 3646
1 4002 3647
1 4002 3648
1 4002 3649
1 4002 3650
1 4002 3651
1 4002 3652
1 4002 3653
1 4002 3654
1 4002 3655
1 4002 3656
1 4002 3657
1 4002 3658
1 4002 3659
1 4002 3660
1 4002 3661
1 4002 3662
1 4002 3663
1 4002 3664
1 4002 3665
1 4002 3666
1 4002 3667
1 4002 3668
1 4002 3669
1 4002 3670
1 4002 3671
1 4002 3672
1 4002 3673
1 4002 3674
1 4002 3675
1 4002 3676
1 4002 3677
1 4002 3678
1 4002 3679
1 4002 3680
1 4002 3681
1 4002 3682
1 4002 3683
1 4002 3684
1 4002 3685
1 4002 3686
1 4002 3687
1 4002 3688
1 4002 3689
1 4002 3690
1 4002 3691
1 4002 3692
1 4002 3693
1 4002 3694
1 4002 3695
1 4002 3696
1 4002 3697
1 4002 3698
1 4002 3699
1 4002 3700
1 4002 3701
1 4002 3702
1 4002 3703
1 4002 3704
1 4002 3705
1 4002 3706
1 4002 3707
1 4002 3708
1 4002 3709
1 4002 3710
1 4002 3711
1 4002 3712
1 4002 3713
1 4002 3714
1 4002 3715
1 4002 3716
1 4002 3717
1 4002 3718
1 4002 3719
1 4002 3720
1 4002 3721
1 4002 3722
1 4002 3723
1 4002 3724
1 4002 3725
1 4002 3726
1 4002 3727
1 4002 3728
1 4002 3729
1 4002 3730
1 4002 3731
1 4002 3732
1 4002 3733
1 4002 3734
1 4002 3735
1 4002 3736
1 4002 3737
1 4002 3738
1 4002 3739
1 4002 3740
1 4002 3741
1 4002 3742
1 4002 3743
1 4002 3744
1 4002 3745
1 4002 3746
1 4002 3747
1 4002 3748
1 4002 3749
1 4002 3750
1 4002 3751
1 4002 3752
1 4002 3753
1 4002 3754
1 4002 3755
1 4002 3756
1 4002 3757
1 4002 3758
1 4002 3759
1 4002 3760
1 4002 3761
1 4002 3762
1 4002 3763
1 4002 3764
1 4002 3765
1 4002 3766
1 4002 3767
1 4002 3768
1 4002 3769
1 4002 3770
1 4002 3771
1 4002 3772
1 4002 3773
1 4002 3774
1 4002 3775
1 4002 3776
1 4002 3777
1 4002 3778
1 4002 3779
1 4002 3780
1 4002 3781
1 4002 3782
1 4002 3783
1 4002 3784
1 4002 3785
1 4002 3786
1 4002 3787
1 4002 3788
1 4002 3789
1 4002 3790
1 4002 3791
1 4002 3792
1 4002 3793
1 4002 3794
1 4002 3795
1 4002 3796
1 4002 3797
1 4002 3798
1 4002 3799
1 4002 3800
1 4002 3801
1 4002 3802
1 4002 3803
1 4002 3804
1 4002 3805
1 4002 3806
1 4002 3807
1 4002 3808
1 4002 3809
1 4002 3810
1 4002 3811
1 4002 3812
1 4002 3813
1 4002 3814
1 4002 3815
1 4002 3816
1 4002 3817
1 4002 3818
1 4002 3819
1 4002 3820
1 4002 3821
1 4002 3822
1 4002 3823
1 4002 3824
1 4002 3825
1 4002 3826
1 4002 3827
1 4002 3828
1 4002 3829
1 4002 3830
1 4002 3831
1 4002 3832
1 4002 3833
1 4002 3834
1 4002 3835
1 4002 3836
1 4002 3837
1 4002 3838
1 4002 3839
1 4002 3840
1 4002 3841
1 4002 3842
1 4002 3843
1 4002 3844
1 4002 3845
1 4002 3846
1 4002 3847
1 4002 3848
1 4002 3849
1 4002 3850
1 4002 3851
1 4002 3852
1 4002 3853
1 4002 3854
1 4002 3855
1 4002 3856
1 4002 3857
1 4002 3858
1 4002 3859
1 4002 3860
1 4002 3861
1 4002 3862
1 4002 3863
1 4002 3864
1 4002 3865
1 4002 3866
1 4002 3867
1 4002 3868
1 4002 3869
1 4002 3870
1 4002 3871
1 4002 3872
1 4002 3873
1 4002 3874
1 4002 3875
1 4002 3876
1 4002 3877
1 4002 3878
1 4002 3879
1 4002 3880
1 4002 3881
1 4002 3882
1 4002 3883
1 4002 3884
1 4002 3885
1 4002 3886
1 4002 3887
1 4002 3888
1 4002 3889
1 4002 3890
1 4002 3891
1 4002 3892
1 4002 3893
1 4002 3894
1 4002 3895
1 4002 3896
1 4002 3897
1 4002 3898
1 4002 3899
1 4002 3900
1 4002 3901
1 4002 3902
1 4002 3903
1 4002 3904
1 4002 3905
1 4002 3906
1 4002 3907
1 4002 3908
1 4002 3909
1 4002 3910
1 4002 3911
1 4002 3912
1 4002 3913
1 4002 3914
1 4002 3915
1 4002 3916
1 4002 3917
1 4002 3918
1 4002 3919
1 4002 3920
1 4002 3921
1 4002 3922
1 4002 3923
1 4002 3924
1 4002 3925
1 4002 3926
1 4002 3927
1 4002 3928
1 4002 3929
1 4002 3930
1 4002 3931
1 4002 3932
1 4002 3933
1 4002 3934
1 4002 3935
1 4002 3936
1 4002 3937
1 4002 3938
1 4002 3939
1 4002 3940
1 4002 3941
1 4002 3942
1 4002 3943
1 4002 3944
1 4002 3945
1 4002 3946
1 4002 3947
1 4002 3948
1 4002 3949
1 4002 3950
1 4002 3951
1 4002 3952
1 4002 3953
1 4002 3954
1 4002 3955
1 4002 3956
1 4002 3957
1 4002 3958
1 4002 3959
1 4002 3960
1 4002 3961
1 4002 3962
1 4002 3963
1 4002 3964
1 4002 3965
1 4002 3966
1 4002 3967
1 4002 3968
1 4002 3969
1 4002 3970
1 4002 3971
1 4002 3972
1 4002 3973
1 4002 3974
1 4002 3975
1 4002 3976
1 4002 3977
1 4002 3978
1 4002 3979
1 4002 3980
1 4002 3981
1 4002 3982
1 4002 3983
1 4002 3984
1 4002 3985
1 4002 3986
1 4002 3987
1 4002 3988
1 4002 3989
1 4002 3990
1 4002 3991
1 4002 3992
1 4002 3993
1 4002 3994
1 4002 3995
1 4002 3996
1 4002 3997
1 4002 3998
1 4002 3999
1 4002 4000
1 4002 4001
vertical segments 4000
2 1 4002
3 1 4002
4 1 4002
5 1 4002
6 1 4002
7 1 4002
8 1 4002
9 1 4002
10 1 4002
11 1 4002
12 1 4002
13 1 4002
14 1 4002
15 1 4002
16 1 4002
17 1 4002
18 1 4002
19 1 4002
20 1 4002
21 1 4002
22 1 4002
23 1 4002
24 1 4002
25 1 4002
26 1 4002
27 1 4002
28 1 4002
29 1 4002
30 1 4002
31 1 4002
32 1 4002
33 1 4002
34 1 4002
35 1 4002
36 1 4002
37 1 4002
38 1 4002
39 1 4002
40 1 4002
41 1 4002
42 1 4002
43 1 4002
44 1 4002
45 1 4002
46 1 4002
47 1 4002
48 1 4002
49 1 4002
50 1 4002
51 1 4002
52 1 4002
53 1 4002
54 1 4002
55 1 4002
56 1 4002
57 1 4002
58 1 4002
59 1 4002
60 1 4002
61 1 4002
62 1 4002
63 1 4002
64 1 4002
65 1 4002
66 1 4002
67 1 4002
68 1 4002
69 1 4002
70 1 4002
71 1 4002
72 1 4002
73 1 4002
74 1 4002
75 1 4002
76 1 4002
77 1 4002
78 1 4002
79 1 4002
80 1 4002
81 1 4002
82 1 4002
83 1 4002
84 1 4002
85 1 4002
86 1 4002
87 1 4002
88 1 4002
89 1 4002
90 1 4002
91 1 4002
92 1 4002
93 1 4002
94 1 4002
95 1 4002
96 1 4002
97 1 4002
98 1 4002
99 1 4002
100 1 4002
101 1 4002
102 1 4002
103 1 4002
104 1 4002
105 1 4002
106 1 4002
107 1 4002
108 1 4002
109 1 4002
110 1 4002
111 1 4002
112 1 4002
113 1 4002
114 1 4002
115 1 4002
116 1 4002
117 1 4002
118 1 4002
119 1 4002
120 1 4002
121 1 4002
122 1 4002
123 1 4002
124 1 4002
125 1 4002
126 1 4002
127 1 4002
128 1 4002
129 1 4002
130 1 4002
131 1 4002
132 1 4002
133 1 4002
134 1 4002
135 1 4002
136 1 4002
137 1 4002
138 1 4002
139 1 4002
140 1 4002
141 1 4002
142 1 4002
143 1 4002
144 1 4002
145 1 4002
146 1 4002
147 1 4002
148 1 4002
149 1 4002
150 1 4002
151 1 4002
152 1 4002
153 1 4002
154 1 4002
155 1 4002
156 1 4002
157 1 4002
158 1 4002
159 1 4002
160 1 4002
161 1 4002
162 1 4002
163 1 4002
164 1 4002
165 1 4002
166 1 4002
167 1 4002
168 1 4002
169 1 4002
170 1 4002
171 1 4002
172 1 4002
173 1 4002
174 1 4002
175 1 4002
176 1 4002
177 1 4002
178 1 4002
179 1 4002
180 1 4002
181 1 4002
182 1 4002
183 1 4002
184 1 4002
185 1 4002
186 1 4002
187 1 4002
188 1 4002
189 1 4002
190 1 4002
191 1 4002
192 1 4002
193 1 4002
194 1 4002
195 1 4002
196 1 4002
197 1 4002
198 1 4002
199 1 4002
200 1 4002
201 1 4002
202 1 4002
203 1 4002
204 1 4002
205 1 4002
206 1 4002
207 1 4002
208 1 4002
209 1 4002
210 1 4002
211 1 4002
212 1 4002
213 1 4002
214 1 4002
215 1 4002
216 1 4002
217 1 4002
218 1 4002
219 1 4002
220 1 4002
221 1 4002
222 1 4002
223 1 4002
224 1 4002
225 1 4002
226 1 4002
227 1 4002
228 1 4002
229 1 4002
230 1 4002
231 1 4002
232 1 4002
233 1 4002
234 1 4002
235 1 4002
236 1 4002
237 1 4002
238 1 4002
239 1 4002
240 1 4002
241 1 4002
242 1 4002
243 1 4002
244 1 4002
245 1 4002
246 1 4002
247 1 4002
248 1 4002
249 1 4002
250 1 4002
251 1 4002
252 1 4002
253 1 4002
254 1 4002
255 1 4002
256 1 4002
257 1 4002
258 1 4002
259 1 4002
260 1 4002
261 1 4002
262 1 4002
263 1 4002
264 1 4002
265 1 4002
266 1 4002
267 1 4002
268 1 4002
269 1 4002
270 1 4002
271 1 4002
272 1 4002
273 1 4002
274 1 4002
275 1 4002
276 1 4002
277 1 4002
278 1 4002
279 1 4002
280 1 4002
281 1 4002
282 1 4002
283 1 4002
284 1 4002
285 1 4002
286 1 4002
287 1 4002
288 1 4002
289 1 4002
290 1 4002
291 1 4002
292 1 4002
293 1 4002
294 1 4002
295 1 4002
296 1 4002
297 1 4002
298 1 4002
299 1 4002
300 1 4002
301 1 4002
302 1 4002
303 1 4002
304 1 4002
305 1 4002
306 1 4002
307 1 4002
308 1 4002
309 1 4002
310 1 4002
311 1 4002
312 1 4002
313 1 4002
314 1 4002
315 1 4002
316 1 4002
317 1 4002
318 1 4002
319 1 4002
320 1 4002
321 1 4002
322 1 4002
323 1 4002
324 1 4002
325 1 4002
326 1 4002
327 1 4002
328 1 4002
329 1 4002
330 1 4002
331 1 4002
332 1 4002
333 1 4002
334 1 4002
335 1 4002
336 1 4002
337 1 4002
338 1 4002
339 1 4002
340 1 4002
341 1 4002
342 1 4002
343 1 4002
344 1 4002
345 1 4002
346 1 4002
347 1 4002
348 1 4002
349 1 4002
350 1 4002
351 1 4002
352 1 4002
353 1 4002
354 1 4002
355 1 4002
356 1 4002
357 1 4002
358 1 4002
359 1 4002
360 1 4002
361 1 4002
362 1 4002
363 1 4002
364 1 4002
365 1 4002
366 1 4002
367 1 4002
368 1 4002
369 1 4002
370 1 4002
371 1 4002
372 1 4002
373 1 4002
374 1 4002
375 1 4002
376 1 4002
377 1 4002
378 1 4002
379 1 4002
380 1 4002
381 1 4002
382 1 4002
383 1 4002
384 1 4002
385 1 4002
386 1 4002
387 1 4002
388 1 4002
389 1 4002
390 1 4002
391 1 4002
392 1 4002
393 1 4002
394 1 4002
395 1 4002
396 1 4002
397 1 4002
398 1 4002
399 1 4002
400 1 4002
401 1 4002
402 1 4002
403 1 4002
404 1 4002
405 1 4002
406 1 4002
407 1 4002
408 1 4002
409 1 4002
410 1 4002
411 1 4002
412 1 4002
413 1 4002
414 1 4002
415 1 4002
416 1 4002
417 1 4002
418 1 4002
419 1 4002
420 1 4002
421 1 4002
422 1 4002
423 1 4002
424 1 4002
425 1 4002
426 1 4002
427 1 4002
428 1 4002
429 1 4002
430 1 4002
431 1 4002
432 1 4002
433 1 4002
434 1 4002
435 1 4002
436 1 4002
437 1 4002
438 1 4002
439 1 4002
440 1 4002
441 1 4002
442 1 4002
443 1 4002
444 1 4002
445 1 4002
446 1 4002
447 1 4002
448 1 4002
449 1 4002
450 1 4002
451 1 4002
452 1 4002
453 1 4002
454 1 4002
455 1 4002
456 1 4002
457 1 4002
458 1 4002
459 1 4002
460 1 4002
461 1 4002
462 1 4002
463 1 4002
464 1 4002
465 1 4002
466 1 4002
467 1 4002
468 1 4002
469 1 4002
470 1 4002
471 1 4002
472 1 4002
473 1 4002
474 1 4002
475 1 4002
476 1 4002
477 1 4002
478 1 4002
479 1 4002
480 1 4002
481 1 4002
482 1 4002
483 1 4002
484 1 4002
485 1 4002
486 1 4002
487 1 4002
488 1 4002
489 1 4002
490 1 4002
491 1 4002
492 1 4002
493 1 4002
494 1 4002
495 1 4002
496 1 4002
497 1 4002
498 1 4002
499 1 4002
500 1 4002
501 1 4002
502 1 4002
503 1 4002
504 1 4002
505 1 4002
506 1 4002
507 1 4002
508 1 4002
509 1 4002
510 1 4002
511 1 4002
512 1 4002
513 1 4002
514 1 4002
515 1 4002
516 1 4002
517 1 4002
518 1 4002
519 1 4002
520 1 4002
521 1 4002
522 1 4002
523 1 4002
524 1 4002
525 1 4002
526 1 4002
527 1 4002
528 1 4002
529 1 4002
530 1 4002
531 1 4002
532 1 4002
533 1 4002
534 1 4002
535 1 4002
536 1 4002
537 1 4002
538 1 4002
539 1 4002
540 1 4002
541 1 4002
542 1 4002
543 1 4002
544 1 4002
545 1 4002
546 1 4002
547 1 4002
548 1 4002
549 1 4002
550 1 4002
551 1 4002
552 1 4002
553 1 4002
554 1 4002
555 1 4002
556 1 4002
557 1 4002
558 1 4002
559 1 4002
560 1 4002
561 1 4002
562 1 4002
563 1 4002
564 1 4002
565 1 4002
566 1 4002
567 1 4002
568 1 4002
569 1 4002
570 1 4002
571 1 4002
572 1 4002
573 1 4002
574 1 4002
575 1 4002
576 1 4002
577 1 4002
578 1 4002
579 1 4002
580 1 4002
581 1 4002
582 1 4002
583 1 4002
584 1 4002
585 1 4002
586 1 4002
587 1 4002
588 1 4002
589 1 4002
590 1 4002
591 1 4002
592 1 4002
593 1 4002
594 1 4002
595 1 4002
596 1 4002
597 1 4002
598 1 4002
599 1 4002
600 1 4002
601 1 4002
602 1 4002
603 1 4002
604 1 4002
605 1 4002
606 1 4002
607 1 4002
608 1 4002
609 1 4002
610 1 4002
611 1 4002
612 1 4002
613 1 4002
614 1 4002
615 1 4002
616 1 4002
617 1 4002
618 1 4002
619 1 4002
620 1 4002
621 1 4002
622 1 4002
623 1 4002
624 1 4002
625 1 4002
626 1 4002
627 1 4002
628 1 4002
629 1 4002
630 1 4002
631 1 4002
632 1 4002
633 1 4002
634 1 4002
635 1 4002
636 1 4002
637 1 4002
638 1 4002
639 1 4002
640 1 4002
641 1 4002
642 1 4002
643 1 4002
644 1 4002
645 1 4002
646 1 4002
647 1 4002
648 1 4002
649 1 4002
650 1 4002
651 1 4002
652 1 4002
653 1 4002
654 1 4002
655 1 4002
656 1 4002
657 1 4002
658 1 4002
659 1 4002
660 1 4002
661 1 4002
662 1 4002
663 1 4002
664 1 4002
665 1 4002
666 1 4002
667 1 4002
668 1 4002
669 1 4002
670 1 4002
671 1 4002
672 1 4002
673 1 4002
674 1 4002
675 1 4002
676 1 4002
677 1 4002
678 1 4002
679 1 4002
680 1 4002
681 1 4002
682 1 4002
683 1 4002
684 1 4002
685 1 4002
686 1 4002
687 1 4002
688 1 4002
689 1 4002
690 1 4002
691 1 4002
692 1 4002
693 1 4002
694 1 4002
695 1 4002
696 1 4002
697 1 4002
698 1 4002
699 1 4002
700 1 4002
701 1 4002
702 1 4002
703 1 4002
704 1 4002
705 1 4002
706 1 4002
707 1 4002
708 1 4002
709 1 4002
710 1 4002
711 1 4002
712 1 4002
713 1 4002
714 1 4002
715 1 4002
716 1 4002
717 1 4002
718 1 4002
719 1 4002
720 1 4002
721 1 4002
722 1 4002
723 1 4002
724 1 4002
725 1 4002
726 1 4002
727 1 4002
728 1 4002
729 1 4002
730 1 4002
731 1 4002
732 1 4002
733 1 4002
734 1 4002
735 1 4002
736 1 4002
737 1 4002
738 1 4002
739 1 4002
740 1 4002
741 1 4002
742 1 4002
743 1 4002
744 1 4002
745 1 4002
746 1 4002
747 1 4002
748 1 4002
749 1 4002
750 1 4002
751 1 4002
752 1 4002
753 1 4002
754 1 4002
755 1 4002
756 1 4002
757 1 4002
758 1 4002
759 1 4002
760 1 4002
761 1 4002
762 1 4002
763 1 4002
764 1 4002
765 1 4002
766 1 4002
767 1 4002
768 1 4002
769 1 4002
770 1 4002
771 1 4002
772 1 4002
773 1 4002
774 1 4002
775 1 4002
776 1 4002
777 1 4002
778 1 4002
779 1 4002
780 1 4002
781 1 4002
782 1 4002
783 1 4002
784 1 4002
785 1 4002
786 1 4002
787 1 4002
788 1 4002
789 1 4002
790 1 4002
791 1 4002
792 1 4002
793 1 4002
794 1 4002
795 1 4002
796 1 4002
797 1 4002
798 1 4002
799 1 4002
800 1 4002
801 1 4002
802 1 4002
803 1 4002
804 1 4002
805 1 4002
806 1 4002
807 1 4002
808 1 4002
809 1 4002
810 1 4002
811 1 4002
812 1 4002
813 1 4002
814 1 4002
815 1 4002
816 1 4002
817 1 4002
818 1 4002
819 1 4002
820 1 4002
821 1 4002
822 1 4002
823 1 4002
824 1 4002
825 1 4002
826 1 4002
827 1 4002
828 1 4002
829 1 4002
830 1 4002
831 1 4002
832 1 4002
833 1 4002
834 1 4002
835 1 4002
836 1 4002
837 1 4002
838 1 4002
839 1 4002
840 1 4002
841 1 4002
842 1 4002
843 1 4002
844 1 4002
845 1 4002
846 1 4002
847 1 4002
848 1 4002
849 1 4002
850 1 4002
851 1 4002
852 1 4002
853 1 4002
854 1 4002
855 1 4002
856 1 4002
857 1 4002
858 1 4002
859 1 4002
860 1 4002
861 1 4002
862 1 4002
863 1 4002
864 1 4002
865 1 4002
866 1 4002
867 1 4002
868 1 4002
869 1 4002
870 1 4002
871 1 4002
872 1 4002
873 1 4002
874 1 4002
875 1 4002
876 1 4002
877 1 4002
878 1 4002
879 1 4002
880 1 4002
881 1 4002
882 1 4002
883 1 4002
884 1 4002
885 1 4002
886 1 4002
887 1 4002
888 1 4002
889 1 4002
890 1 4002
891 1 4002
892 1 4002
893 1 4002
894 1 4002
895 1 4002
896 1 4002
897 1 4002
898 1 4002
899 1 4002
900 1 4002
901 1 4002
902 1 4002
903 1 4002
904 1 4002
905 1 4002
906 1 4002
907 1 4002
908 1 4002
909 1 4002
910 1 4002
911 1 4002
912 1 4002
913 1 4002
914 1 4002
915 1 4002
916 1 4002
917 1 4002
918 1 4002
919 1 4002
920 1 4002
921 1 4002
922 1 4002
923 1 4002
924 1 4002
925 1 4002
926 1 4002
927 1 4002
928 1 4002
929 1 4002
930 1 4002
931 1 4002
932 1 4002
933 1 4002
934 1 4002
935 1 4002
936 1 4002
937 1 4002
938 1 4002
939 1 4002
940 1 4002
941 1 4002
942 1 4002
943 1 4002
944 1 4002
945 1 4002
946 1 4002
947 1 4002
948 1 4002
949 1 4002
950 1 4002
951 1 4002
952 1 4002
953 1 4002
954 1 4002
955 1 4002
956 1 4002
957 1 4002
958 1 4002
959 1 4002
960 1 4002
961 1 4002
962 1 4002
963 1 4002
964 1 4002
965 1 4002
966 1 4002
967 1 4002
968 1 4002
969 1 4002
970 1 4002
971 1 4002
972 1 4002
973 1 4002
974 1 4002
975 1 4002
976 1 4002
977 1 4002
978 1 4002
979 1 4002
980 1 4002
981 1 4002
982 1 4002
983 1 4002
984 1 4002
985 1 4002
986 1 4002
987 1 4002
988 1 4002
989 1 4002
990 1 4002
991 1 4002
992 1 4002
993 1 4002
994 1 4002
995 1 4002
996 1 4002
997 1 4002
998 1 4002
999 1 4002
1000 1 4002
1001 1 4002
1002 1 4002
1003 1 4002
1004 1 4002
1005 1 4002
1006 1 4002
1007 1 4002
1008 1 4002
1009 1 4002
1010 1 4002
1011 1 4002
1012 1 4002
1013 1 4002
1014 1 4002
1015 1 4002
1016 1 4002
1017 1 4002
1018 1 4002
1019 1 4002
1020 1 4002
1021 1 4002
1022 1 4002
1023 1 4002
1024 1 4002
1025 1 4002
1026 1 4002
1027 1 4002
1028 1 4002
1029 1 4002
1030 1 4002
1031 1 4002
1032 1 4002
1033 1 4002
1034 1 4002
1035 1 4002
1036 1 4002
1037 1 4002
1038 1 4002
1039 1 4002
1040 1 4002
1041 1 4002
1042 1 4002
1043 1 4002
1044 1 4002
1045 1 4002
1046 1 4002
1047 1 4002
1048 1 4002
1049 1 4002
1050 1 4002
1051 1 4002
1052 1 4002
1053 1 4002
1054 1 4002
1055 1 4002
1056 1 4002
1057 1 4002
1058 1 4002
1059 1 4002
1060 1 4002
1061 1 4002
1062 1 4002
1063 1 4002
1064 1 4002
1065 1 4002
1066 1 4002
1067 1 4002
1068 1 4002
1069 1 4002
1070 1 4002
1071 1 4002
1072 1 4002
1073 1 4002
1074 1 4002
1075 1 4002
1076 1 4002
1077 1 4002
1078 1 4002
1079 1 4002
1080 1 4002
1081 1 4002
1082 1 4002
1083 1 4002
1084 1 4002
1085 1 4002
1086 1 4002
1087 1 4002
1088 1 4002
1089 1 4002
1090 1 4002
1091 1 4002
1092 1 4002
1093 1 4002
1094 1 4002
1095 1 4002
1096 1 4002
1097 1 4002
1098 1 4002
1099 1 4002
1100 1 4002
1101 1 4002
1102 1 4002
1103 1 4002
1104 1 4002
1105 1 4002
1106 1 4002
1107 1 4002
1108 1 4002
1109 1 4002
1110 1 4002
1111 1 4002
1112 1 4002
1113 1 4002
1114 1 4002
1115 1 4002
1116 1 4002
1117 1 4002
1118 1 4002
1119 1 4002
1120 1 4002
1121 1 4002
1122 1 4002
1123 1 4002
1124 1 4002
1125 1 4002
1126 1 4002
1127 1 4002
1128 1 4002
1129 1 4002
1130 1 4002
1131 1 4002
1132 1 4002
1133 1 4002
1134 1 4002
1135 1 4002
1136 1 4002
1137 1 4002
1138 1 4002
1139 1 4002
1140 1 4002
1141 1 4002
1142 1 4002
1143 1 4002
1144 1 4002
1145 1 4002
1146 1 4002
1147 1 4002
1148 1 4002
1149 1 4002
1150 1 4002
1151 1 4002
1152 1 4002
1153 1 4002
1154 1 4002
1155 1 4002
1156 1 4002
1157 1 4002
1158 1 4002
1159 1 4002
1160 1 4002
1161 1 4002
1162 1 4002
1163 1 4002
1164 1 4002
1165 1 4002
1166 1 4002
1167 1 4002
1168 1 4002
1169 1 4002
1170 1 4002
1171 1 4002
1172 1 4002
1173 1 4002
1174 1 4002
1175 1 4002
1176 1 4002
1177 1 4002
1178 1 4002
1179 1 4002
1180 1 4002
1181 1 4002
1182 1 4002
1183 1 4002
1184 1 4002
1185 1 4002
1186 1 4002
1187 1 4002
1188 1 4002
1189 1 4002
1190 1 4002
1191 1 4002
1192 1 4002
1193 1 4002
1194 1 4002
1195 1 4002
1196 1 4002
1197 1 4002
1198 1 4002
1199 1 4002
1200 1 4002
1201 1 4002
1202 1 4002
1203 1 4002
1204 1 4002
1205 1 4002
1206 1 4002
1207 1 4002
1208 1 4002
1209 1 4002
1210 1 4002
1211 1 4002
1212 1 4002
1213 1 4002
1214 1 4002
1215 1 4002
1216 1 4002
1217 1 4002
1218 1 4002
1219 1 4002
1220 1 4002
1221 1 4002
1222 1 4002
1223 1 4002
1224 1 4002
1225 1 4002
1226 1 4002
1227 1 4002
1228 1 4002
1229 1 4002
1230 1 4002
1231 1 4002
1232 1 4002
1233 1 4002
1234 1 4002
1235 1 4002
1236 1 4002
1237 1 4002
1238 1 4002
1239 1 4002
1240 1 4002
1241 1 4002
1242 1 4002
1243 1 4002
1244 1 4002
1245 1 4002
1246 1 4002
1247 1 4002
1248 1 4002
1249 1 4002
1250 1 4002
1251 1 4002
1252 1 4002
1253 1 4002
1254 1 4002
1255 1 4002
1256 1 4002
1257 1 4002
1258 1 4002
1259 1 4002
1260 1 4002
1261 1 4002
1262 1 4002
1263 1 4002
1264 1 4002
1265 1 4002
1266 1 4002
1267 1 4002
1268 1 4002
1269 1 4002
1270 1 4002
1271 1 4002
1272 1 4002
1273 1 4002
1274 1 4002
1275 1 4002
1276 1 4002
1277 1 4002
1278 1 4002
1279 1 4002
1280 1 4002
1281 1 4002
1282 1 4002
1283 1 4002
1284 1 4002
1285 1 4002
1286 1 4002
1287 1 4002
1288 1 4002
1289 1 4002
1290 1 4002
1291 1 4002
1292 1 4002
1293 1 4002
1294 1 4002
1295 1 4002
1296 1 4002
1297 1 4002
1298 1 4002
1299 1 4002
1300 1 4002
1301 1 4002
1302 1 4002
1303 1 4002
1304 1 4002
1305 1 4002
1306 1 4002
1307 1 4002
1308 1 4002
1309 1 4002
1310 1 4002
1311 1 4002
1312 1 4002
1313 1 4002
1314 1 4002
1315 1 4002
1316 1 4002
1317 1 4002
1318 1 4002
1319 1 4002
1320 1 4002
1321 1 4002
1322 1 4002
1323 1 4002
1324 1 4002
1325 1 4002
1326 1 4002
1327 1 4002
1328 1 4002
1329 1 4002
1330 1 4002
1331 1 4002
1332 1 4002
1333 1 4002
1334 1 4002
1335 1 4002
1336 1 4002
1337 1 4002
1338 1 4002
1339 1 4002
1340 1 4002
1341 1 4002
1342 1 4002
1343 1 4002
1344 1 4002
1345 1 4002
1346 1 4002
1347 1 4002
1348 1 4002
1349 1 4002
1350 1 4002
1351 1 4002
1352 1 4002
1353 1 4002
1354 1 4002
1355 1 4002
1356 1 4002
1357 1 4002
1358 1 4002
1359 1 4002
1360 1 4002
1361 1 4002
1362 1 4002
1363 1 4002
1364 1 4002
1365 1 4002
1366 1 4002
1367 1 4002
1368 1 4002
1369 1 4002
1370 1 4002
1371 1 4002
1372 1 4002
1373 1 4002
1374 1 4002
1375 1 4002
1376 1 4002
1377 1 4002
1378 1 4002
1379 1 4002
1380 1 4002
1381 1 4002
1382 1 4002
1383 1 4002
1384 1 4002
1385 1 4002
1386 1 4002
1387 1 4002
1388 1 4002
1389 1 4002
1390 1 4002
1391 1 4002
1392 1 4002
1393 1 4002
1394 1 4002
1395 1 4002
1396 1 4002
1397 1 4002
1398 1 4002
1399 1 4002
1400 1 4002
1401 1 4002
1402 1 4002
1403 1 4002
1404 1 4002
1405 1 4002
1406 1 4002
1407 1 4002
1408 1 4002
1409 1 4002
1410 1 4002
1411 1 4002
1412 1 4002
1413 1 4002
1414 1 4002
1415 1 4002
1416 1 4002
1417 1 4002
1418 1 4002
1419 1 4002
1420 1 4002
1421 1 4002
1422 1 4002
1423 1 4002
1424 1 4002
1425 1 4002
1426 1 4002
1427 1 4002
1428 1 4002
1429 1 4002
1430 1 4002
1431 1 4002
1432 1 4002
1433 1 4002
1434 1 4002
1435 1 4002
1436 1 4002
1437 1 4002
1438 1 4002
1439 1 4002
1440 1 4002
1441 1 4002
1442 1 4002
1443 1 4002
1444 1 4002
1445 1 4002
1446 1 4002
1447 1 4002
1448 1 4002
1449 1 4002
1450 1 4002
1451 1 4002
1452 1 4002
1453 1 4002
1454 1 4002
1455 1 4002
1456 1 4002
1457 1 4002
1458 1 4002
1459 1 4002
1460 1 4002
1461 1 4002
1462 1 4002
1463 1 4002
1464 1 4002
1465 1 4002
1466 1 4002
1467 1 4002
1468 1 4002
1469 1 4002
1470 1 4002
1471 1 4002
1472 1 4002
1473 1 4002
1474 1 4002
1475 1 4002
1476 1 4002
1477 1 4002
1478 1 4002
1479 1 4002
1480 1 4002
1481 1 4002
1482 1 4002
1483 1 4002
1484 1 4002
1485 1 4002
1486 1 4002
1487 1 4002
1488 1 4002
1489 1 4002
1490 1 4002
1491 1 4002
1492 1 4002
1493 1 4002
1494 1 4002
1495 1 4002
1496 1 4002
1497 1 4002
1498 1 4002
1499 1 4002
1500 1 4002
1501 1 4002
1502 1 4002
1503 1 4002
1504 1 4002
1505 1 4002
1506 1 4002
1507 1 4002
1508 1 4002
1509 1 4002
1510 1 4002
1511 1 4002
1512 1 4002
1513 1 4002
1514 1 4002
1515 1 4002
1516 1 4002
1517 1 4002
1518 1 4002
1519 1 4002
1520 1 4002
1521 1 4002
1522 1 4002
1523 1 4002
1524 1 4002
1525 1 4002
1526 1 4002
1527 1 4002
1528 1 4002
1529 1 4002
1530 1 4002
1531 1 4002
1532 1 4002
1533 1 4002
1534 1 4002
1535 1 4002
1536 1 4002
1537 1 4002
1538 1 4002
1539 1 4002
1540 1 4002
1541 1 4002
1542 1 4002
1543 1 4002
1544 1 4002
1545 1 4002
1546 1 4002
1547 1 4002
1548 1 4002
1549 1 4002
1550 1 4002
1551 1 4002
1552 1 4002
1553 1 4002
1554 1 4002
1555 1 4002
1556 1 4002
1557 1 4002
1558 1 4002
1559 1 4002
1560 1 4002
1561 1 4002
1562 1 4002
1563 1 4002
1564 1 4002
1565 1 4002
1566 1 4002
1567 1 4002
1568 1 4002
1569 1 4002
1570 1 4002
1571 1 4002
1572 1 4002
1573 1 4002
1574 1 4002
1575 1 4002
1576 1 4002
1577 1 4002
1578 1 4002
1579 1 4002
1580 1 4002
1581 1 4002
1582 1 4002
1583 1 4002
1584 1 4002
1585 1 4002
1586 1 4002
1587 1 4002
1588 1 4002
1589 1 4002
1590 1 4002
1591 1 4002
1592 1 4002
1593 1 4002
1594 1 4002
1595 1 4002
1596 1 4002
1597 1 4002
1598 1 4002
1599 1 4002
1600 1 4002
1601 1 4002
1602 1 4002
1603 1 4002
1604 1 4002
1605 1 4002
1606 1 4002
1607 1 4002
1608 1 4002
1609 1 4002
1610 1 4002
1611 1 4002
1612 1 4002
1613 1 4002
1614 1 4002
1615 1 4002
1616 1 4002
1617 1 4002
1618 1 4002
1619 1 4002
1620 1 4002
1621 1 4002
1622 1 4002
1623 1 4002
1624 1 4002
1625 1 4002
1626 1 4002
1627 1 4002
1628 1 4002
1629 1 4002
1630 1 4002
1631 1 4002
1632 1 4002
1633 1 4002
1634 1 4002
1635 1 4002
1636 1 4002
1637 1 4002
1638 1 4002
1639 1 4002
1640 1 4002
1641 1 4002
1642 1 4002
1643 1 4002
1644 1 4002
1645 1 4002
1646 1 4002
1647 1 4002
1648 1 4002
1649 1 4002
1650 1 4002
1651 1 4002
1652 1 4002
1653 1 4002
1654 1 4002
1655 1 4002
1656 1 4002
1657 1 4002
1658 1 4002
1659 1 4002
1660 1 4002
1661 1 4002
1662 1 4002
1663 1 4002
1664 1 4002
1665 1 4002
1666 1 4002
1667 1 4002
1668 1 4002
1669 1 4002
1670 1 4002
1671 1 4002
1672 1 4002
1673 1 4002
1674 1 4002
1675 1 4002
1676 1 4002
1677 1 4002
1678 1 4002
1679 1 4002
1680 1 4002
1681 1 4002
1682 1 4002
1683 1 4002
1684 1 4002
1685 1 4002
1686 1 4002
1687 1 4002
1688 1 4002
1689 1 4002
1690 1 4002
1691 1 4002
1692 1 4002
1693 1 4002
1694 1 4002
1695 1 4002
1696 1 4002
1697 1 4002
1698 1 4002
1699 1 4002
1700 1 4002
1701 1 4002
1702 1 4002
1703 1 4002
1704 1 4002
1705 1 4002
1706 1 4002
1707 1 4002
1708 1 4002
1709 1 4002
1710 1 4002
1711 1 4002
1712 1 4002
1713 1 4002
1714 1 4002
1715 1 4002
1716 1 4002
1717 1 4002
1718 1 4002
1719 1 4002
1720 1 4002
1721 1 4002
1722 1 4002
1723 1 4002
1724 1 4002
1725 1 4002
1726 1 4002
1727 1 4002
1728 1 4002
1729 1 4002
1730 1 4002
1731 1 4002
1732 1 4002
1733 1 4002
1734 1 4002
1735 1 4002
1736 1 4002
1737 1 4002
1738 1 4002
1739 1 4002
1740 1 4002
1741 1 4002
1742 1 4002
1743 1 4002
1744 1 4002
1745 1 4002
1746 1 4002
1747 1 4002
1748 1 4002
1749 1 4002
1750 1 4002
1751 1 4002
1752 1 4002
1753 1 4002
1754 1 4002
1755 1 4002
1756 1 4002
1757 1 4002
1758 1 4002
1759 1 4002
1760 1 4002
1761 1 4002
1762 1 4002
1763 1 4002
1764 1 4002
1765 1 4002
1766 1 4002
1767 1 4002
1768 1 4002
1769 1 4002
1770 1 4002
1771 1 4002
1772 1 4002
1773 1 4002
1774 1 4002
1775 1 4002
1776 1 4002
1777 1 4002
1778 1 4002
1779 1 4002
1780 1 4002
1781 1 4002
1782 1 4002
1783 1 4002
1784 1 4002
1785 1 4002
1786 1 4002
1787 1 4002
1788 1 4002
1789 1 4002
1790 1 4002
1791 1 4002
1792 1 4002
1793 1 4002
1794 1 4002
1795 1 4002
1796 1 4002
1797 1 4002
1798 1 4002
1799 1 4002
1800 1 4002
1801 1 4002
1802 1 4002
1803 1 4002
1804 1 4002
1805 1 4002
1806 1 4002
1807 1 4002
1808 1 4002
1809 1 4002
1810 1 4002
1811 1 4002
1812 1 4002
1813 1 4002
1814 1 4002
1815 1 4002
1816 1 4002
1817 1 4002
1818 1 4002
1819 1 4002
1820 1 4002
1821 1 4002
1822 1 4002
1823 1 4002
1824 1 4002
1825 1 4002
1826 1 4002
1827 1 4002
1828 1 4002
1829 1 4002
1830 1 4002
1831 1 4002
1832 1 4002
1833 1 4002
1834 1 4002
1835 1 4002
1836 1 4002
1837 1 4002
1838 1 4002
1839 1 4002
1840 1 4002
1841 1 4002
1842 1 4002
1843 1 4002
1844 1 4002
1845 1 4002
1846 1 4002
1847 1 4002
1848 1 4002
1849 1 4002
1850 1 4002
1851 1 4002
1852 1 4002
1853 1 4002
1854 1 4002
1855 1 4002
1856 1 4002
1857 1 4002
1858 1 4002
1859 1 4002
1860 1 4002
1861 1 4002
1862 1 4002
1863 1 4002
1864 1 4002
1865 1 4002
1866 1 4002
1867 1 4002
1868 1 4002
1869 1 4002
1870 1 4002
1871 1 4002
1872 1 4002
1873 1 4002
1874 1 4002
1875 1 4002
1876 1 4002
1877 1 4002
1878 1 4002
1879 1 4002
1880 1 4002
1881 1 4002
1882 1 4002
1883 1 4002
1884 1 4002
1885 1 4002
1886 1 4002
1887 1 4002
1888 1 4002
1889 1 4002
1890 1 4002
1891 1 4002
1892 1 4002
1893 1 4002
1894 1 4002
1895 1 4002
1896 1 4002
1897 1 4002
1898 1 4002
1899 1 4002
1900 1 4002
1901 1 4002
1902 1 4002
1903 1 4002
1904 1 4002
1905 1 4002
1906 1 4002
1907 1 4002
1908 1 4002
1909 1 4002
1910 1 4002
1911 1 4002
1912 1 4002
1913 1 4002
1914 1 4002
1915 1 4002
1916 1 4002
1917 1 4002
1918 1 4002
1919 1 4002
1920 1 4002
1921 1 4002
1922 1 4002
1923 1 4002
1924 1 4002
1925 1 4002
1926 1 4002
1927 1 4002
1928 1 4002
1929 1 4002
1930 1 4002
1931 1 4002
1932 1 4002
1933 1 4002
1934 1 4002
1935 1 4002
1936 1 4002
1937 1 4002
1938 1 4002
1939 1 4002
1940 1 4002
1941 1 4002
1942 1 4002
1943 1 4002
1944 1 4002
1945 1 4002
1946 1 4002
1947 1 4002
1948 1 4002
1949 1 4002
1950 1 4002
1951 1 4002
1952 1 4002
1953 1 4002
1954 1 4002
1955 1 4002
1956 1 4002
1957 1 4002
1958 1 4002
1959 1 4002
1960 1 4002
1961 1 4002
1962 1 4002
1963 1 4002
1964 1 4002
1965 1 4002
1966 1 4002
1967 1 4002
1968 1 4002
1969 1 4002
1970 1 4002
1971 1 4002
1972 1 4002
1973 1 4002
1974 1 4002
1975 1 4002
1976 1 4002
1977 1 4002
1978 1 4002
1979 1 4002
1980 1 4002
1981 1 4002
1982 1 4002
1983 1 4002
1984 1 4002
1985 1 4002
1986 1 4002
1987 1 4002
1988 1 4002
1989 1 4002
1990 1 4002
1991 1 4002
1992 1 4002
1993 1 4002
1994 1 4002
1995 1 4002
1996 1 4002
1997 1 4002
1998 1 4002
1999 1 4002
2000 1 4002
2001 1 4002
2002 1 4002
2003 1 4002
2004 1 4002
2005 1 4002
2006 1 4002
2007 1 4002
2008 1 4002
2009 1 4002
2010 1 4002
2011 1 4002
2012 1 4002
2013 1 4002
2014 1 4002
2015 1 4002
2016 1 4002
2017 1 4002
2018 1 4002
2019 1 4002
2020 1 4002
2021 1 4002
2022 1 4002
2023 1 4002
2024 1 4002
2025 1 4002
2026 1 4002
2027 1 4002
2028 1 4002
2029 1 4002
2030 1 4002
2031 1 4002
2032 1 4002
2033 1 4002
2034 1 4002
2035 1 4002
2036 1 4002
2037 1 4002
2038 1 4002
2039 1 4002
2040 1 4002
2041 1 4002
2042 1 4002
2043 1 4002
2044 1 4002
2045 1 4002
2046 1 4002
2047 1 4002
2048 1 4002
2049 1 4002
2050 1 4002
2051 1 4002
2052 1 4002
2053 1 4002
2054 1 4002
2055 1 4002
2056 1 4002
2057 1 4002
2058 1 4002
2059 1 4002
2060 1 4002
2061 1 4002
2062 1 4002
2063 1 4002
2064 1 4002
2065 1 4002
2066 1 4002
2067 1 4002
2068 1 4002
2069 1 4002
2070 1 4002
2071 1 4002
2072 1 4002
2073 1 4002
2074 1 4002
2075 1 4002
2076 1 4002
2077 1 4002
2078 1 4002
2079 1 4002
2080 1 4002
2081 1 4002
2082 1 4002
2083 1 4002
2084 1 4002
2085 1 4002
2086 1 4002
2087 1 4002
2088 1 4002
2089 1 4002
2090 1 4002
2091 1 4002
2092 1 4002
2093 1 4002
2094 1 4002
2095 1 4002
2096 1 4002
2097 1 4002
2098 1 4002
2099 1 4002
2100 1 4002
2101 1 4002
2102 1 4002
2103 1 4002
2104 1 4002
2105 1 4002
2106 1 4002
2107 1 4002
2108 1 4002
2109 1 4002
2110 1 4002
2111 1 4002
2112 1 4002
2113 1 4002
2114 1 4002
2115 1 4002
2116 1 4002
2117 1 4002
2118 1 4002
2119 1 4002
2120 1 4002
2121 1 4002
2122 1 4002
2123 1 4002
2124 1 4002
2125 1 4002
2126 1 4002
2127 1 4002
2128 1 4002
2129 1 4002
2130 1 4002
2131 1 4002
2132 1 4002
2133 1 4002
2134 1 4002
2135 1 4002
2136 1 4002
2137 1 4002
2138 1 4002
2139 1 4002
2140 1 4002
2141 1 4002
2142 1 4002
2143 1 4002
2144 1 4002
2145 1 4002
2146 1 4002
2147 1 4002
2148 1 4002
2149 1 4002
2150 1 4002
2151 1 4002
2152 1 4002
2153 1 4002
2154 1 4002
2155 1 4002
2156 1 4002
2157 1 4002
2158 1 4002
2159 1 4002
2160 1 4002
2161 1 4002
2162 1 4002
2163 1 4002
2164 1 4002
2165 1 4002
2166 1 4002
2167 1 4002
2168 1 4002
2169 1 4002
2170 1 4002
2171 1 4002
2172 1 4002
2173 1 4002
2174 1 4002
2175 1 4002
2176 1 4002
2177 1 4002
2178 1 4002
2179 1 4002
2180 1 4002
2181 1 4002
2182 1 4002
2183 1 4002
2184 1 4002
2185 1 4002
2186 1 4002
2187 1 4002
2188 1 4002
2189 1 4002
2190 1 4002
2191 1 4002
2192 1 4002
2193 1 4002
2194 1 4002
2195 1 4002
2196 1 4002
2197 1 4002
2198 1 4002
2199 1 4002
2200 1 4002
2201 1 4002
2202 1 4002
2203 1 4002
2204 1 4002
2205 1 4002
2206 1 4002
2207 1 4002
2208 1 4002
2209 1 4002
2210 1 4002
2211 1 4002
2212 1 4002
2213 1 4002
2214 1 4002
2215 1 4002
2216 1 4002
2217 1 4002
2218 1 4002
2219 1 4002
2220 1 4002
2221 1 4002
2222 1 4002
2223 1 4002
2224 1 4002
2225 1 4002
2226 1 4002
2227 1 4002
2228 1 4002
2229 1 4002
2230 1 4002
2231 1 4002
2232 1 4002
2233 1 4002
2234 1 4002
2235 1 4002
2236 1 4002
2237 1 4002
2238 1 4002
2239 1 4002
2240 1 4002
2241 1 4002
2242 1 4002
2243 1 4002
2244 1 4002
2245 1 4002
2246 1 4002
2247 1 4002
2248 1 4002
2249 1 4002
2250 1 4002
2251 1 4002
2252 1 4002
2253 1 4002
2254 1 4002
2255 1 4002
2256 1 4002
2257 1 4002
2258 1 4002
2259 1 4002
2260 1 4002
2261 1 4002
2262 1 4002
2263 1 4002
2264 1 4002
2265 1 4002
2266 1 4002
2267 1 4002
2268 1 4002
2269 1 4002
2270 1 4002
2271 1 4002
2272 1 4002
2273 1 4002
2274 1 4002
2275 1 4002
2276 1 4002
2277 1 4002
2278 1 4002
2279 1 4002
2280 1 4002
2281 1 4002
2282 1 4002
2283 1 4002
2284 1 4002
2285 1 4002
2286 1 4002
2287 1 4002
2288 1 4002
2289 1 4002
2290 1 4002
2291 1 4002
2292 1 4002
2293 1 4002
2294 1 4002
2295 1 4002
2296 1 4002
2297 1 4002
2298 1 4002
2299 1 4002
2300 1 4002
2301 1 4002
2302 1 4002
2303 1 4002
2304 1 4002
2305 1 4002
2306 1 4002
2307 1 4002
2308 1 4002
2309 1 4002
2310 1 4002
2311 1 4002
2312 1 4002
2313 1 4002
2314 1 4002
2315 1 4002
2316 1 4002
2317 1 4002
2318 1 4002
2319 1 4002
2320 1 4002
2321 1 4002
2322 1 4002
2323 1 4002
2324 1 4002
2325 1 4002
2326 1 4002
2327 1 4002
2328 1 4002
2329 1 4002
2330 1 4002
2331 1 4002
2332 1 4002
2333 1 4002
2334 1 4002
2335 1 4002
2336 1 4002
2337 1 4002
2338 1 4002
2339 1 4002
2340 1 4002
2341 1 4002
2342 1 4002
2343 1 4002
2344 1 4002
2345 1 4002
2346 1 4002
2347 1 4002
2348 1 4002
2349 1 4002
2350 1 4002
2351 1 4002
2352 1 4002
2353 1 4002
2354 1 4002
2355 1 4002
2356 1 4002
2357 1 4002
2358 1 4002
2359 1 4002
2360 1 4002
2361 1 4002
2362 1 4002
2363 1 4002
2364 1 4002
2365 1 4002
2366 1 4002
2367 1 4002
2368 1 4002
2369 1 4002
2370 1 4002
2371 1 4002
2372 1 4002
2373 1 4002
2374 1 4002
2375 1 4002
2376 1 4002
2377 1 4002
2378 1 4002
2379 1 4002
2380 1 4002
2381 1 4002
2382 1 4002
2383 1 4002
2384 1 4002
2385 1 4002
2386 1 4002
2387 1 4002
2388 1 4002
2389 1 4002
2390 1 4002
2391 1 4002
2392 1 4002
2393 1 4002
2394 1 4002
2395 1 4002
2396 1 4002
2397 1 4002
2398 1 4002
2399 1 4002
2400 1 4002
2401 1 4002
2402 1 4002
2403 1 4002
2404 1 4002
2405 1 4002
2406 1 4002
2407 1 4002
2408 1 4002
2409 1 4002
2410 1 4002
2411 1 4002
2412 1 4002
2413 1 4002
2414 1 4002
2415 1 4002
2416 1 4002
2417 1 4002
2418 1 4002
2419 1 4002
2420 1 4002
2421 1 4002
2422 1 4002
2423 1 4002
2424 1 4002
2425 1 4002
2426 1 4002
2427 1 4002
2428 1 4002
2429 1 4002
2430 1 4002
2431 1 4002
2432 1 4002
2433 1 4002
2434 1 4002
2435 1 4002
2436 1 4002
2437 1 4002
2438 1 4002
2439 1 4002
2440 1 4002
2441 1 4002
2442 1 4002
2443 1 4002
2444 1 4002
2445 1 4002
2446 1 4002
2447 1 4002
2448 1 4002
2449 1 4002
2450 1 4002
2451 1 4002
2452 1 4002
2453 1 4002
2454 1 4002
2455 1 4002
2456 1 4002
2457 1 4002
2458 1 4002
2459 1 4002
2460 1 4002
2461 1 4002
2462 1 4002
2463 1 4002
2464 1 4002
2465 1 4002
2466 1 4002
2467 1 4002
2468 1 4002
2469 1 4002
2470 1 4002
2471 1 4002
2472 1 4002
2473 1 4002
2474 1 4002
2475 1 4002
2476 1 4002
2477 1 4002
2478 1 4002
2479 1 4002
2480 1 4002
2481 1 4002
2482 1 4002
2483 1 4002
2484 1 4002
2485 1 4002
2486 1 4002
2487 1 4002
2488 1 4002
2489 1 4002
2490 1 4002
2491 1 4002
2492 1 4002
2493 1 4002
2494 1 4002
2495 1 4002
2496 1 4002
2497 1 4002
2498 1 4002
2499 1 4002
2500 1 4002
2501 1 4002
2502 1 4002
2503 1 4002
2504 1 4002
2505 1 4002
2506 1 4002
2507 1 4002
2508 1 4002
2509 1 4002
2510 1 4002
2511 1 4002
2512 1 4002
2513 1 4002
2514 1 4002
2515 1 4002
2516 1 4002
2517 1 4002
2518 1 4002
2519 1 4002
2520 1 4002
2521 1 4002
2522 1 4002
2523 1 4002
2524 1 4002
2525 1 4002
2526 1 4002
2527 1 4002
2528 1 4002
2529 1 4002
2530 1 4002
2531 1 4002
2532 1 4002
2533 1 4002
2534 1 4002
2535 1 4002
2536 1 4002
2537 1 4002
2538 1 4002
2539 1 4002
2540 1 4002
2541 1 4002
2542 1 4002
2543 1 4002
2544 1 4002
2545 1 4002
2546 1 4002
2547 1 4002
2548 1 4002
2549 1 4002
2550 1 4002
2551 1 4002
2552 1 4002
2553 1 4002
2554 1 4002
2555 1 4002
2556 1 4002
2557 1 4002
2558 1 4002
2559 1 4002
2560 1 4002
2561 1 4002
2562 1 4002
2563 1 4002
2564 1 4002
2565 1 4002
2566 1 4002
2567 1 4002
2568 1 4002
2569 1 4002
2570 1 4002
2571 1 4002
2572 1 4002
2573 1 4002
2574 1 4002
2575 1 4002
2576 1 4002
2577 1 4002
2578 1 4002
2579 1 4002
2580 1 4002
2581 1 4002
2582 1 4002
2583 1 4002
2584 1 4002
2585 1 4002
2586 1 4002
2587 1 4002
2588 1 4002
2589 1 4002
2590 1 4002
2591 1 4002
2592 1 4002
2593 1 4002
2594 1 4002
2595 1 4002
2596 1 4002
2597 1 4002
2598 1 4002
2599 1 4002
2600 1 4002
2601 1 4002
2602 1 4002
2603 1 4002
2604 1 4002
2605 1 4002
2606 1 4002
2607 1 4002
2608 1 4002
2609 1 4002
2610 1 4002
2611 1 4002
2612 1 4002
2613 1 4002
2614 1 4002
2615 1 4002
2616 1 4002
2617 1 4002
2618 1 4002
2619 1 4002
2620 1 4002
2621 1 4002
2622 1 4002
2623 1 4002
2624 1 4002
2625 1 4002
2626 1 4002
2627 1 4002
2628 1 4002
2629 1 4002
2630 1 4002
2631 1 4002
2632 1 4002
2633 1 4002
2634 1 4002
2635 1 4002
2636 1 4002
2637 1 4002
2638 1 4002
2639 1 4002
2640 1 4002
2641 1 4002
2642 1 4002
2643 1 4002
2644 1 4002
2645 1 4002
2646 1 4002
2647 1 4002
2648 1 4002
2649 1 4002
2650 1 4002
2651 1 4002
2652 1 4002
2653 1 4002
2654 1 4002
2655 1 4002
2656 1 4002
2657 1 4002
2658 1 4002
2659 1 4002
2660 1 4002
2661 1 4002
2662 1 4002
2663 1 4002
2664 1 4002
2665 1 4002
2666 1 4002
2667 1 4002
2668 1 4002
2669 1 4002
2670 1 4002
2671 1 4002
2672 1 4002
2673 1 4002
2674 1 4002
2675 1 4002
2676 1 4002
2677 1 4002
2678 1 4002
2679 1 4002
2680 1 4002
2681 1 4002
2682 1 4002
2683 1 4002
2684 1 4002
2685 1 4002
2686 1 4002
2687 1 4002
2688 1 4002
2689 1 4002
2690 1 4002
2691 1 4002
2692 1 4002
2693 1 4002
2694 1 4002
2695 1 4002
2696 1 4002
2697 1 4002
2698 1 4002
2699 1 4002
2700 1 4002
2701 1 4002
2702 1 4002
2703 1 4002
2704 1 4002
2705 1 4002
2706 1 4002
2707 1 4002
2708 1 4002
2709 1 4002
2710 1 4002
2711 1 4002
2712 1 4002
2713 1 4002
2714 1 4002
2715 1 4002
2716 1 4002
2717 1 4002
2718 1 4002
2719 1 4002
2720 1 4002
2721 1 4002
2722 1 4002
2723 1 4002
2724 1 4002
2725 1 4002
2726 1 4002
2727 1 4002
2728 1 4002
2729 1 4002
2730 1 4002
2731 1 4002
2732 1 4002
2733 1 4002
2734 1 4002
2735 1 4002
2736 1 4002
2737 1 4002
2738 1 4002
2739 1 4002
2740 1 4002
2741 1 4002
2742 1 4002
2743 1 4002
2744 1 4002
2745 1 4002
2746 1 4002
2747 1 4002
2748 1 4002
2749 1 4002
2750 1 4002
2751 1 4002
2752 1 4002
2753 1 4002
2754 1 4002
2755 1 4002
2756 1 4002
2757 1 4002
2758 1 4002
2759 1 4002
2760 1 4002
2761 1 4002
2762 1 4002
2763 1 4002
2764 1 4002
2765 1 4002
2766 1 4002
2767 1 4002
2768 1 4002
2769 1 4002
2770 1 4002
2771 1 4002
2772 1 4002
2773 1 4002
2774 1 4002
2775 1 4002
2776 1 4002
2777 1 4002
2778 1 4002
2779 1 4002
2780 1 4002
2781 1 4002
2782 1 4002
2783 1 4002
2784 1 4002
2785 1 4002
2786 1 4002
2787 1 4002
2788 1 4002
2789 1 4002
2790 1 4002
2791 1 4002
2792 1 4002
2793 1 4002
2794 1 4002
2795 1 4002
2796 1 4002
2797 1 4002
2798 1 4002
2799 1 4002
2800 1 4002
2801 1 4002
2802 1 4002
2803 1 4002
2804 1 4002
2805 1 4002
2806 1 4002
2807 1 4002
2808 1 4002
2809 1 4002
2810 1 4002
2811 1 4002
2812 1 4002
2813 1 4002
2814 1 4002
2815 1 4002
2816 1 4002
2817 1 4002
2818 1 4002
2819 1 4002
2820 1 4002
2821 1 4002
2822 1 4002
2823 1 4002
2824 1 4002
2825 1 4002
2826 1 4002
2827 1 4002
2828 1 4002
2829 1 4002
2830 1 4002
2831 1 4002
2832 1 4002
2833 1 4002
2834 1 4002
2835 1 4002
2836 1 4002
2837 1 4002
2838 1 4002
2839 1 4002
2840 1 4002
2841 1 4002
2842 1 4002
2843 1 4002
2844 1 4002
2845 1 4002
2846 1 4002
2847 1 4002
2848 1 4002
2849 1 4002
2850 1 4002
2851 1 4002
2852 1 4002
2853 1 4002
2854 1 4002
2855 1 4002
2856 1 4002
2857 1 4002
2858 1 4002
2859 1 4002
2860 1 4002
2861 1 4002
2862 1 4002
2863 1 4002
2864 1 4002
2865 1 4002
2866 1 4002
2867 1 4002
2868 1 4002
2869 1 4002
2870 1 4002
2871 1 4002
2872 1 4002
2873 1 4002
2874 1 4002
2875 1 4002
2876 1 4002
2877 1 4002
2878 1 4002
2879 1 4002
2880 1 4002
2881 1 4002
2882 1 4002
2883 1 4002
2884 1 4002
2885 1 4002
2886 1 4002
2887 1 4002
2888 1 4002
2889 1 4002
2890 1 4002
2891 1 4002
2892 1 4002
2893 1 4002
2894 1 4002
2895 1 4002
2896 1 4002
2897 1 4002
2898 1 4002
2899 1 4002
2900 1 4002
2901 1 4002
2902 1 4002
2903 1 4002
2904 1 4002
2905 1 4002
2906 1 4002
2907 1 4002
2908 1 4002
2909 1 4002
2910 1 4002
2911 1 4002
2912 1 4002
2913 1 4002
2914 1 4002
2915 1 4002
2916 1 4002
2917 1 4002
2918 1 4002
2919 1 4002
2920 1 4002
2921 1 4002
2922 1 4002
2923 1 4002
2924 1 4002
2925 1 4002
2926 1 4002
2927 1 4002
2928 1 4002
2929 1 4002
2930 1 4002
2931 1 4002
2932 1 4002
2933 1 4002
2934 1 4002
2935 1 4002
2936 1 4002
2937 1 4002
2938 1 4002
2939 1 4002
2940 1 4002
2941 1 4002
2942 1 4002
2943 1 4002
2944 1 4002
2945 1 4002
2946 1 4002
2947 1 4002
2948 1 4002
2949 1 4002
2950 1 4002
2951 1 4002
2952 1 4002
2953 1 4002
2954 1 4002
2955 1 4002
2956 1 4002
2957 1 4002
2958 1 4002
2959 1 4002
2960 1 4002
2961 1 4002
2962 1 4002
2963 1 4002
2964 1 4002
2965 1 4002
2966 1 4002
2967 1 4002
2968 1 4002
2969 1 4002
2970 1 4002
2971 1 4002
2972 1 4002
2973 1 4002
2974 1 4002
2975 1 4002
2976 1 4002
2977 1 4002
2978 1 4002
2979 1 4002
2980 1 4002
2981 1 4002
2982 1 4002
2983 1 4002
2984 1 4002
2985 1 4002
2986 1 4002
2987 1 4002
2988 1 4002
2989 1 4002
2990 1 4002
2991 1 4002
2992 1 4002
2993 1 4002
2994 1 4002
2995 1 4002
2996 1 4002
2997 1 4002
2998 1 4002
2999 1 4002
3000 1 4002
3001 1 4002
3002 1 4002
3003 1 4002
3004 1 4002
3005 1 4002
3006 1 4002
3007 1 4002
3008 1 4002
3009 1 4002
3010 1 4002
3011 1 4002
3012 1 4002
3013 1 4002
3014 1 4002
3015 1 4002
3016 1 4002
3017 1 4002
3018 1 4002
3019 1 4002
3020 1 4002
3021 1 4002
3022 1 4002
3023 1 4002
3024 1 4002
3025 1 4002
3026 1 4002
3027 1 4002
3028 1 4002
3029 1 4002
3030 1 4002
3031 1 4002
3032 1 4002
3033 1 4002
3034 1 4002
3035 1 4002
3036 1 4002
3037 1 4002
3038 1 4002
3039 1 4002
3040 1 4002
3041 1 4002
3042 1 4002
3043 1 4002
3044 1 4002
3045 1 4002
3046 1 4002
3047 1 4002
3048 1 4002
3049 1 4002
3050 1 4002
3051 1 4002
3052 1 4002
3053 1 4002
3054 1 4002
3055 1 4002
3056 1 4002
3057 1 4002
3058 1 4002
3059 1 4002
3060 1 4002
3061 1 4002
3062 1 4002
3063 1 4002
3064 1 4002
3065 1 4002
3066 1 4002
3067 1 4002
3068 1 4002
3069 1 4002
3070 1 4002
3071 1 4002
3072 1 4002
3073 1 4002
3074 1 4002
3075 1 4002
3076 1 4002
3077 1 4002
3078 1 4002
3079 1 4002
3080 1 4002
3081 1 4002
3082 1 4002
3083 1 4002
3084 1 4002
3085 1 4002
3086 1 4002
3087 1 4002
3088 1 4002
3089 1 4002
3090 1 4002
3091 1 4002
3092 1 4002
3093 1 4002
3094 1 4002
3095 1 4002
3096 1 4002
3097 1 4002
3098 1 4002
3099 1 4002
3100 1 4002
3101 1 4002
3102 1 4002
3103 1 4002
3104 1 4002
3105 1 4002
3106 1 4002
3107 1 4002
3108 1 4002
3109 1 4002
3110 1 4002
3111 1 4002
3112 1 4002
3113 1 4002
3114 1 4002
3115 1 4002
3116 1 4002
3117 1 4002
3118 1 4002
3119 1 4002
3120 1 4002
3121 1 4002
3122 1 4002
3123 1 4002
3124 1 4002
3125 1 4002
3126 1 4002
3127 1 4002
3128 1 4002
3129 1 4002
3130 1 4002
3131 1 4002
3132 1 4002
3133 1 4002
3134 1 4002
3135 1 4002
3136 1 4002
3137 1 4002
3138 1 4002
3139 1 4002
3140 1 4002
3141 1 4002
3142 1 4002
3143 1 4002
3144 1 4002
3145 1 4002
3146 1 4002
3147 1 4002
3148 1 4002
3149 1 4002
3150 1 4002
3151 1 4002
3152 1 4002
3153 1 4002
3154 1 4002
3155 1 4002
3156 1 4002
3157 1 4002
3158 1 4002
3159 1 4002
3160 1 4002
3161 1 4002
3162 1 4002
3163 1 4002
3164 1 4002
3165 1 4002
3166 1 4002
3167 1 4002
3168 1 4002
3169 1 4002
3170 1 4002
3171 1 4002
3172 1 4002
3173 1 4002
3174 1 4002
3175 1 4002
3176 1 4002
3177 1 4002
3178 1 4002
3179 1 4002
3180 1 4002
3181 1 4002
3182 1 4002
3183 1 4002
3184 1 4002
3185 1 4002
3186 1 4002
3187 1 4002
3188 1 4002
3189 1 4002
3190 1 4002
3191 1 4002
3192 1 4002
3193 1 4002
3194 1 4002
3195 1 4002
3196 1 4002
3197 1 4002
3198 1 4002
3199 1 4002
3200 1 4002
3201 1 4002
3202 1 4002
3203 1 4002
3204 1 4002
3205 1 4002
3206 1 4002
3207 1 4002
3208 1 4002
3209 1 4002
3210 1 4002
3211 1 4002
3212 1 4002
3213 1 4002
3214 1 4002
3215 1 4002
3216 1 4002
3217 1 4002
3218 1 4002
3219 1 4002
3220 1 4002
3221 1 4002
3222 1 4002
3223 1 4002
3224 1 4002
3225 1 4002
3226 1 4002
3227 1 4002
3228 1 4002
3229 1 4002
3230 1 4002
3231 1 4002
3232 1 4002
3233 1 4002
3234 1 4002
3235 1 4002
3236 1 4002
3237 1 4002
3238 1 4002
3239 1 4002
3240 1 4002
3241 1 4002
3242 1 4002
3243 1 4002
3244 1 4002
3245 1 4002
3246 1 4002
3247 1 4002
3248 1 4002
3249 1 4002
3250 1 4002
3251 1 4002
3252 1 4002
3253 1 4002
3254 1 4002
3255 1 4002
3256 1 4002
3257 1 4002
3258 1 4002
3259 1 4002
3260 1 4002
3261 1 4002
3262 1 4002
3263 1 4002
3264 1 4002
3265 1 4002
3266 1 4002
3267 1 4002
3268 1 4002
3269 1 4002
3270 1 4002
3271 1 4002
3272 1 4002
3273 1 4002
3274 1 4002
3275 1 4002
3276 1 4002
3277 1 4002
3278 1 4002
3279 1 4002
3280 1 4002
3281 1 4002
3282 1 4002
3283 1 4002
3284 1 4002
3285 1 4002
3286 1 4002
3287 1 4002
3288 1 4002
3289 1 4002
3290 1 4002
3291 1 4002
3292 1 4002
3293 1 4002
3294 1 4002
3295 1 4002
3296 1 4002
3297 1 4002
3298 1 4002
3299 1 4002
3300 1 4002
3301 1 4002
3302 1 4002
3303 1 4002
3304 1 4002
3305 1 4002
3306 1 4002
3307 1 4002
3308 1 4002
3309 1 4002
3310 1 4002
3311 1 4002
3312 1 4002
3313 1 4002
3314 1 4002
3315 1 4002
3316 1 4002
3317 1 4002
3318 1 4002
3319 1 4002
3320 1 4002
3321 1 4002
3322 1 4002
3323 1 4002
3324 1 4002
3325 1 4002
3326 1 4002
3327 1 4002
3328 1 4002
3329 1 4002
3330 1 4002
3331 1 4002
3332 1 4002
3333 1 4002
3334 1 4002
3335 1 4002
3336 1 4002
3337 1 4002
3338 1 4002
3339 1 4002
3340 1 4002
3341 1 4002
3342 1 4002
3343 1 4002
3344 1 4002
3345 1 4002
3346 1 4002
3347 1 4002
3348 1 4002
3349 1 4002
3350 1 4002
3351 1 4002
3352 1 4002
3353 1 4002
3354 1 4002
3355 1 4002
3356 1 4002
3357 1 4002
3358 1 4002
3359 1 4002
3360 1 4002
3361 1 4002
3362 1 4002
3363 1 4002
3364 1 4002
3365 1 4002
3366 1 4002
3367 1 4002
3368 1 4002
3369 1 4002
3370 1 4002
3371 1 4002
3372 1 4002
3373 1 4002
3374 1 4002
3375 1 4002
3376 1 4002
3377 1 4002
3378 1 4002
3379 1 4002
3380 1 4002
3381 1 4002
3382 1 4002
3383 1 4002
3384 1 4002
3385 1 4002
3386 1 4002
3387 1 4002
3388 1 4002
3389 1 4002
3390 1 4002
3391 1 4002
3392 1 4002
3393 1 4002
3394 1 4002
3395 1 4002
3396 1 4002
3397 1 4002
3398 1 4002
3399 1 4002
3400 1 4002
3401 1 4002
3402 1 4002
3403 1 4002
3404 1 4002
3405 1 4002
3406 1 4002
3407 1 4002
3408 1 4002
3409 1 4002
3410 1 4002
3411 1 4002
3412 1 4002
3413 1 4002
3414 1 4002
3415 1 4002
3416 1 4002
3417 1 4002
3418 1 4002
3419 1 4002
3420 1 4002
3421 1 4002
3422 1 4002
3423 1 4002
3424 1 4002
3425 1 4002
3426 1 4002
3427 1 4002
3428 1 4002
3429 1 4002
3430 1 4002
3431 1 4002
3432 1 4002
3433 1 4002
3434 1 4002
3435 1 4002
3436 1 4002
3437 1 4002
3438 1 4002
3439 1 4002
3440 1 4002
3441 1 4002
3442 1 4002
3443 1 4002
3444 1 4002
3445 1 4002
3446 1 4002
3447 1 4002
3448 1 4002
3449 1 4002
3450 1 4002
3451 1 4002
3452 1 4002
3453 1 4002
3454 1 4002
3455 1 4002
3456 1 4002
3457 1 4002
3458 1 4002
3459 1 4002
3460 1 4002
3461 1 4002
3462 1 4002
3463 1 4002
3464 1 4002
3465 1 4002
3466 1 4002
3467 1 4002
3468 1 4002
3469 1 4002
3470 1 4002
3471 1 4002
3472 1 4002
3473 1 4002
3474 1 4002
3475 1 4002
3476 1 4002
3477 1 4002
3478 1 4002
3479 1 4002
3480 1 4002
3481 1 4002
3482 1 4002
3483 1 4002
3484 1 4002
3485 1 4002
3486 1 4002
3487 1 4002
3488 1 4002
3489 1 4002
3490 1 4002
3491 1 4002
3492 1 4002
3493 1 4002
3494 1 4002
3495 1 4002
3496 1 4002
3497 1 4002
3498 1 4002
3499 1 4002
3500 1 4002
3501 1 4002
3502 1 4002
3503 1 4002
3504 1 4002
3505 1 4002
3506 1 4002
3507 1 4002
3508 1 4002
3509 1 4002
3510 1 4002
3511 1 4002
3512 1 4002
3513 1 4002
3514 1 4002
3515 1 4002
3516 1 4002
3517 1 4002
3518 1 4002
3519 1 4002
3520 1 4002
3521 1 4002
3522 1 4002
3523 1 4002
3524 1 4002
3525 1 4002
3526 1 4002
3527 1 4002
3528 1 4002
3529 1 4002
3530 1 4002
3531 1 4002
3532 1 4002
3533 1 4002
3534 1 4002
3535 1 4002
3536 1 4002
3537 1 4002
3538 1 4002
3539 1 4002
3540 1 4002
3541 1 4002
3542 1 4002
3543 1 4002
3544 1 4002
3545 1 4002
3546 1 4002
3547 1 4002
3548 1 4002
3549 1 4002
3550 1 4002
3551 1 4002
3552 1 4002
3553 1 4002
3554 1 4002
3555 1 4002
3556 1 4002
3557 1 4002
3558 1 4002
3559 1 4002
3560 1 4002
3561 1 4002
3562 1 4002
3563 1 4002
3564 1 4002
3565 1 4002
3566 1 4002
3567 1 4002
3568 1 4002
3569 1 4002
3570 1 4002
3571 1 4002
3572 1 4002
3573 1 4002
3574 1 4002
3575 1 4002
3576 1 4002
3577 1 4002
3578 1 4002
3579 1 4002
3580 1 4002
3581 1 4002
3582 1 4002
3583 1 4002
3584 1 4002
3585 1 4002
3586 1 4002
3587 1 4002
3588 1 4002
3589 1 4002
3590 1 4002
3591 1 4002
3592 1 4002
3593 1 4002
3594 1 4002
3595 1 4002
3596 1 4002
3597 1 4002
3598 1 4002
3599 1 4002
3600 1 4002
3601 1 4002
3602 1 4002
3603 1 4002
3604 1 4002
3605 1 4002
3606 1 4002
3607 1 4002
3608 1 4002
3609 1 4002
3610 1 4002
3611 1 4002
3612 1 4002
3613 1 4002
3614 1 4002
3615 1 4002
3616 1 4002
3617 1 4002
3618 1 4002
3619 1 4002
3620 1 4002
3621 1 4002
3622 1 4002
3623 1 4002
3624 1 4002
3625 1 4002
3626 1 4002
3627 1 4002
3628 1 4002
3629 1 4002
3630 1 4002
3631 1 4002
3632 1 4002
3633 1 4002
3634 1 4002
3635 1 4002
3636 1 4002
3637 1 4002
3638 1 4002
3639 1 4002
3640 1 4002
3641 1 4002
3642 1 4002
3643 1 4002
3644 1 4002
3645 1 4002
3646 1 4002
3647 1 4002
3648 1 4002
3649 1 4002
3650 1 4002
3651 1 4002
3652 1 4002
3653 1 4002
3654 1 4002
3655 1 4002
3656 1 4002
3657 1 4002
3658 1 4002
3659 1 4002
3660 1 4002
3661 1 4002
3662 1 4002
3663 1 4002
3664 1 4002
3665 1 4002
3666 1 4002
3667 1 4002
3668 1 4002
3669 1 4002
3670 1 4002
3671 1 4002
3672 1 4002
3673 1 4002
3674 1 4002
3675 1 4002
3676 1 4002
3677 1 4002
3678 1 4002
3679 1 4002
3680 1 4002
3681 1 4002
3682 1 4002
3683 1 4002
3684 1 4002
3685 1 4002
3686 1 4002
3687 1 4002
3688 1 4002
3689 1 4002
3690 1 4002
3691 1 4002
3692 1 4002
3693 1 4002
3694 1 4002
3695 1 4002
3696 1 4002
3697 1 4002
3698 1 4002
3699 1 4002
3700 1 4002
3701 1 4002
3702 1 4002
3703 1 4002
3704 1 4002
3705 1 4002
3706 1 4002
3707 1 4002
3708 1 4002
3709 1 4002
3710 1 4002
3711 1 4002
3712 1 4002
3713 1 4002
3714 1 4002
3715 1 4002
3716 1 4002
3717 1 4002
3718 1 4002
3719 1 4002
3720 1 4002
3721 1 4002
3722 1 4002
3723 1 4002
3724 1 4002
3725 1 4002
3726 1 4002
3727 1 4002
3728 1 4002
3729 1 4002
3730 1 4002
3731 1 4002
3732 1 4002
3733 1 4002
3734 1 4002
3735 1 4002
3736 1 4002
3737 1 4002
3738 1 4002
3739 1 4002
3740 1 4002
3741 1 4002
3742 1 4002
3743 1 4002
3744 1 4002
3745 1 4002
3746 1 4002
3747 1 4002
3748 1 4002
3749 1 4002
3750 1 4002
3751 1 4002
3752 1 4002
3753 1 4002
3754 1 4002
3755 1 4002
3756 1 4002
3757 1 4002
3758 1 4002
3759 1 4002
3760 1 4002
3761 1 4002
3762 1 4002
3763 1 4002
3764 1 4002
3765 1 4002
3766 1 4002
3767 1 4002
3768 1 4002
3769 1 4002
3770 1 4002
3771 1 4002
3772 1 4002
3773 1 4002
3774 1 4002
3775 1 4002
3776 1 4002
3777 1 4002
3778 1 4002
3779 1 4002
3780 1 4002
3781 1 4002
3782 1 4002
3783 1 4002
3784 1 4002
3785 1 4002
3786 1 4002
3787 1 4002
3788 1 4002
3789 1 4002
3790 1 4002
3791 1 4002
3792 1 4002
3793 1 4002
3794 1 4002
3795 1 4002
3796 1 4002
3797 1 4002
3798 1 4002
3799 1 4002
3800 1 4002
3801 1 4002
3802 1 4002
3803 1 4002
3804 1 4002
3805 1 4002
3806 1 4002
3807 1 4002
3808 1 4002
3809 1 4002
3810 1 4002
3811 1 4002
3812 1 4002
3813 1 4002
3814 1 4002
3815 1 4002
3816 1 4002
3817 1 4002
3818 1 4002
3819 1 4002
3820 1 4002
3821 1 4002
3822 1 4002
3823 1 4002
3824 1 4002
3825 1 4002
3826 1 4002
3827 1 4002
3828 1 4002
3829 1 4002
3830 1 4002
3831 1 4002
3832 1 4002
3833 1 4002
3834 1 4002
3835 1 4002
3836 1 4002
3837 1 4002
3838 1 4002
3839 1 4002
3840 1 4002
3841 1 4002
3842 1 4002
3843 1 4002
3844 1 4002
3845 1 4002
3846 1 4002
3847 1 4002
3848 1 4002
3849 1 4002
3850 1 4002
3851 1 4002
3852 1 4002
3853 1 4002
3854 1 4002
3855 1 4002
3856 1 4002
3857 1 4002
3858 1 4002
3859 1 4002
3860 1 4002
3861 1 4002
3862 1 4002
3863 1 4002
3864 1 4002
3865 1 4002
3866 1 4002
3867 1 4002
3868 1 4002
3869 1 4002
3870 1 4002
3871 1 4002
3872 1 4002
3873 1 4002
3874 1 4002
3875 1 4002
3876 1 4002
3877 1 4002
3878 1 4002
3879 1 4002
3880 1 4002
3881 1 4002
3882 1 4002
3883 1 4002
3884 1 4002
3885 1 4002
3886 1 4002
3887 1 4002
3888 1 4002
3889 1 4002
3890 1 4002
3891 1 4002
3892 1 4002
3893 1 4002
3894 1 4002
3895 1 4002
3896 1 4002
3897 1 4002
3898 1 4002
3899 1 4002
3900 1 4002
3901 1 4002
3902 1 4002
3903 1 4002
3904 1 4002
3905 1 4002
3906 1 4002
3907 1 4002
3908 1 4002
3909 1 4002
3910 1 4002
3911 1 4002
3912 1 4002
3913 1 4002
3914 1 4002
3915 1 4002
3916 1 4002
3917 1 4002
3918 1 4002
3919 1 4002
3920 1 4002
3921 1 4002
3922 1 4002
3923 1 4002
3924 1 4002
3925 1 4002
3926 1 4002
3927 1 4002
3928 1 4002
3929 1 4002
3930 1 4002
3931 1 4002
3932 1 4002
3933 1 4002
3934 1 4002
3935 1 4002
3936 1 4002
3937 1 4002
3938 1 4002
3939 1 4002
3940 1 4002
3941 1 4002
3942 1 4002
3943 1 4002
3944 1 4002
3945 1 4002
3946 1 4002
3947 1 4002
3948 1 4002
3949 1 4002
3950 1 4002
3951 1 4002
3952 1 4002
3953 1 4002
3954 1 4002
3955 1 4002
3956 1 4002
3957 1 4002
3958 1 4002
3959 1 4002
3960 1 4002
3961 1 4002
3962 1 4002
3963 1 4002
3964 1 4002
3965 1 4002
3966 1 4002
3967 1 4002
3968 1 4002
3969 1 4002
3970 1 4002
3971 1 4002
3972 1 4002
3973 1 4002
3974 1 4002
3975 1 4002
3976 1 4002
3977 1 4002
3978 1 4002
3979 1 4002
3980 1 4002
3981 1 4002
3982 1 4002
3983 1 4002
3984 1 4002
3985 1 4002
3986 1 4002
3987 1 4002
3988 1 4002
3989 1 4002
3990 1 4002
3991 1 4002
3992 1 4002
3993 1 4002
3994 1 4002
3995 1 4002
3996 1 4002
3997 1 4002
3998 1 4002
3999 1 4002
4000 1 4002
4001 1 4002
