horizontal segments 3000
1 3002 2
1 3002 3
1 3002 4
1 3002 5
1 3002 6
1 3002 7
1 3002 8
1 3002 9
1 3002 10
1 3002 11
1 3002 12
1 3002 13
1 3002 14
1 3002 15
1 3002 16
1 3002 17
1 3002 18
1 3002 19
1 3002 20
1 3002 21
1 3002 22
1 3002 23
1 3002 24
1 3002 25
1 3002 26
1 3002 27
1 3002 28
1 3002 29
1 3002 30
1 3002 31
1 3002 32
1 3002 33
1 3002 34
1 3002 35
1 3002 36
1 3002 37
1 3002 38
1 3002 39
1 3002 40
1 3002 41
1 3002 42
1 3002 43
1 3002 44
1 3002 45
1 3002 46
1 3002 47
1 3002 48
1 3002 49
1 3002 50
1 3002 51
1 3002 52
1 3002 53
1 3002 54
1 3002 55
1 3002 56
1 3002 57
1 3002 58
1 3002 59
1 3002 60
1 3002 61
1 3002 62
1 3002 63
1 3002 64
1 3002 65
1 3002 66
1 3002 67
1 3002 68
1 3002 69
1 3002 70
1 3002 71
1 3002 72
1 3002 73
1 3002 74
1 3002 75
1 3002 76
1 3002 77
1 3002 78
1 3002 79
1 3002 80
1 3002 81
1 3002 82
1 3002 83
1 3002 84
1 3002 85
1 3002 86
1 3002 87
1 3002 88
1 3002 89
1 3002 90
1 3002 91
1 3002 92
1 3002 93
1 3002 94
1 3002 95
1 3002 96
1 3002 97
1 3002 98
1 3002 99
1 3002 100
1 3002 101
1 3002 102
1 3002 103
1 3002 104
1 3002 105
1 3002 106
1 3002 107
1 3002 108
1 3002 109
1 3002 110
1 3002 111
1 3002 112
1 3002 113
1 3002 114
1 3002 115
1 3002 116
1 3002 117
1 3002 118
1 3002 119
1 3002 120
1 3002 121
1 3002 122
1 3002 123
1 3002 124
1 3002 125
1 3002 126
1 3002 127
1 3002 128
1 3002 129
1 3002 130
1 3002 131
1 3002 132
1 3002 133
1 3002 134
1 3002 135
1 3002 136
1 3002 137
1 3002 138
1 3002 139
1 3002 140
1 3002 141
1 3002 142
1 3002 143
1 3002 144
1 3002 145
1 3002 146
1 3002 147
1 3002 148
1 3002 149
1 3002 150
1 3002 151
1 3002 152
1 3002 153
1 3002 154
1 3002 155
1 3002 156
1 3002 157
1 3002 158
1 3002 159
1 3002 160
1 3002 161
1 3002 162
1 3002 163
1 3002 164
1 3002 165
1 3002 166
1 3002 167
1 3002 168
1 3002 169
1 3002 170
1 3002 171
1 3002 172
1 3002 173
1 3002 174
1 3002 175
1 3002 176
1 3002 177
1 3002 178
1 3002 179
1 3002 180
1 3002 181
1 3002 182
1 3002 183
1 3002 184
1 3002 185
1 3002 186
1 3002 187
1 3002 188
1 3002 189
1 3002 190
1 3002 191
1 3002 192
1 3002 193
1 3002 194
1 3002 195
1 3002 196
1 3002 197
1 3002 198
1 3002 199
1 3002 200
1 3002 201
1 3002 202
1 3002 203
1 3002 204
1 3002 205
1 3002 206
1 3002 207
1 3002 208
1 3002 209
1 3002 210
1 3002 211
1 3002 212
1 3002 213
1 3002 214
1 3002 215
1 3002 216
1 3002 217
1 3002 218
1 3002 219
1 3002 220
1 3002 221
1 3002 222
1 3002 223
1 3002 224
1 3002 225
1 3002 226
1 3002 227
1 3002 228
1 3002 229
1 3002 230
1 3002 231
1 3002 232
1 3002 233
1 3002 234
1 3002 235
1 3002 236
1 3002 237
1 3002 238
1 3002 239
1 3002 240
1 3002 241
1 3002 242
1 3002 243
1 3002 244
1 3002 245
1 3002 246
1 3002 247
1 3002 248
1 3002 249
1 3002 250
1 3002 251
1 3002 252
1 3002 253
1 3002 254
1 3002 255
1 3002 256
1 3002 257
1 3002 258
1 3002 259
1 3002 260
1 3002 261
1 3002 262
1 3002 263
1 3002 264
1 3002 265
1 3002 266
1 3002 267
1 3002 268
1 3002 269
1 3002 270
1 3002 271
1 3002 272
1 3002 273
1 3002 274
1 3002 275
1 3002 276
1 3002 277
1 3002 278
1 3002 279
1 3002 280
1 3002 281
1 3002 282
1 3002 283
1 3002 284
1 3002 285
1 3002 286
1 3002 287
1 3002 288
1 3002 289
1 3002 290
1 3002 291
1 3002 292
1 3002 293
1 3002 294
1 3002 295
1 3002 296
1 3002 297
1 3002 298
1 3002 299
1 3002 300
1 3002 301
1 3002 302
1 3002 303
1 3002 304
1 3002 305
1 3002 306
1 3002 307
1 3002 308
1 3002 309
1 3002 310
1 3002 311
1 3002 312
1 3002 313
1 3002 314
1 3002 315
1 3002 316
1 3002 317
1 3002 318
1 3002 319
1 3002 320
1 3002 321
1 3002 322
1 3002 323
1 3002 324
1 3002 325
1 3002 326
1 3002 327
1 3002 328
1 3002 329
1 3002 330
1 3002 331
1 3002 332
1 3002 333
1 3002 334
1 3002 335
1 3002 336
1 3002 337
1 3002 338
1 3002 339
1 3002 340
1 3002 341
1 3002 342
1 3002 343
1 3002 344
1 3002 345
1 3002 346
1 3002 347
1 3002 348
1 3002 349
1 3002 350
1 3002 351
1 3002 352
1 3002 353
1 3002 354
1 3002 355
1 3002 356
1 3002 357
1 3002 358
1 3002 359
1 3002 360
1 3002 361
1 3002 362
1 3002 363
1 3002 364
1 3002 365
1 3002 366
1 3002 367
1 3002 368
1 3002 369
1 3002 370
1 3002 371
1 3002 372
1 3002 373
1 3002 374
1 3002 375
1 3002 376
1 3002 377
1 3002 378
1 3002 379
1 3002 380
1 3002 381
1 3002 382
1 3002 383
1 3002 384
1 3002 385
1 3002 386
1 3002 387
1 3002 388
1 3002 389
1 3002 390
1 3002 391
1 3002 392
1 3002 393
1 3002 394
1 3002 395
1 3002 396
1 3002 397
1 3002 398
1 3002 399
1 3002 400
1 3002 401
1 3002 402
1 3002 403
1 3002 404
1 3002 405
1 3002 406
1 3002 407
1 3002 408
1 3002 409
1 3002 410
1 3002 411
1 3002 412
1 3002 413
1 3002 414
1 3002 415
1 3002 416
1 3002 417
1 3002 418
1 3002 419
1 3002 420
1 3002 421
1 3002 422
1 3002 423
1 3002 424
1 3002 425
1 3002 426
1 3002 427
1 3002 428
1 3002 429
1 3002 430
1 3002 431
1 3002 432
1 3002 433
1 3002 434
1 3002 435
1 3002 436
1 3002 437
1 3002 438
1 3002 439
1 3002 440
1 3002 441
1 3002 442
1 3002 443
1 3002 444
1 3002 445
1 3002 446
1 3002 447
1 3002 448
1 3002 449
1 3002 450
1 3002 451
1 3002 452
1 3002 453
1 3002 454
1 3002 455
1 3002 456
1 3002 457
1 3002 458
1 3002 459
1 3002 460
1 3002 461
1 3002 462
1 3002 463
1 3002 464
1 3002 465
1 3002 466
1 3002 467
1 3002 468
1 3002 469
1 3002 470
1 3002 471
1 3002 472
1 3002 473
1 3002 474
1 3002 475
1 3002 476
1 3002 477
1 3002 478
1 3002 479
1 3002 480
1 3002 481
1 3002 482
1 3002 483
1 3002 484
1 3002 485
1 3002 486
1 3002 487
1 3002 488
1 3002 489
1 3002 490
1 3002 491
1 3002 492
1 3002 493
1 3002 494
1 3002 495
1 3002 496
1 3002 497
1 3002 498
1 3002 499
1 3002 500
1 3002 501
1 3002 502
1 3002 503
1 3002 504
1 3002 505
1 3002 506
1 3002 507
1 3002 508
1 3002 509
1 3002 510
1 3002 511
1 3002 512
1 3002 513
1 3002 514
1 3002 515
1 3002 516
1 3002 517
1 3002 518
1 3002 519
1 3002 520
1 3002 521
1 3002 522
1 3002 523
1 3002 524
1 3002 525
1 3002 526
1 3002 527
1 3002 528
1 3002 529
1 3002 530
1 3002 531
1 3002 532
1 3002 533
1 3002 534
1 3002 535
1 3002 536
1 3002 537
1 3002 538
1 3002 539
1 3002 540
1 3002 541
1 3002 542
1 3002 543
1 3002 544
1 3002 545
1 3002 546
1 3002 547
1 3002 548
1 3002 549
1 3002 550
1 3002 551
1 3002 552
1 3002 553
1 3002 554
1 3002 555
1 3002 556
1 3002 557
1 3002 558
1 3002 559
1 3002 560
1 3002 561
1 3002 562
1 3002 563
1 3002 564
1 3002 565
1 3002 566
1 3002 567
1 3002 568
1 3002 569
1 3002 570
1 3002 571
1 3002 572
1 3002 573
1 3002 574
1 3002 575
1 3002 576
1 3002 577
1 3002 578
1 3002 579
1 3002 580
1 3002 581
1 3002 582
1 3002 583
1 3002 584
1 3002 585
1 3002 586
1 3002 587
1 3002 588
1 3002 589
1 3002 590
1 3002 591
1 3002 592
1 3002 593
1 3002 594
1 3002 595
1 3002 596
1 3002 597
1 3002 598
1 3002 599
1 3002 600
1 3002 601
1 3002 602
1 3002 603
1 3002 604
1 3002 605
1 3002 606
1 3002 607
1 3002 608
1 3002 609
1 3002 610
1 3002 611
1 3002 612
1 3002 613
1 3002 614
1 3002 615
1 3002 616
1 3002 617
1 3002 618
1 3002 619
1 3002 620
1 3002 621
1 3002 622
1 3002 623
1 3002 624
1 3002 625
1 3002 626
1 3002 627
1 3002 628
1 3002 629
1 3002 630
1 3002 631
1 3002 632
1 3002 633
1 3002 634
1 3002 635
1 3002 636
1 3002 637
1 3002 638
1 3002 639
1 3002 640
1 3002 641
1 3002 642
1 3002 643
1 3002 644
1 3002 645
1 3002 646
1 3002 647
1 3002 648
1 3002 649
1 3002 650
1 3002 651
1 3002 652
1 3002 653
1 3002 654
1 3002 655
1 3002 656
1 3002 657
1 3002 658
1 3002 659
1 3002 660
1 3002 661
1 3002 662
1 3002 663
1 3002 664
1 3002 665
1 3002 666
1 3002 667
1 3002 668
1 3002 669
1 3002 670
1 3002 671
1 3002 672
1 3002 673
1 3002 674
1 3002 675
1 3002 676
1 3002 677
1 3002 678
1 3002 679
1 3002 680
1 3002 681
1 3002 682
1 3002 683
1 3002 684
1 3002 685
1 3002 686
1 3002 687
1 3002 688
1 3002 689
1 3002 690
1 3002 691
1 3002 692
1 3002 693
1 3002 694
1 3002 695
1 3002 696
1 3002 697
1 3002 698
1 3002 699
1 3002 700
1 3002 701
1 3002 702
1 3002 703
1 3002 704
1 3002 705
1 3002 706
1 3002 707
1 3002 708
1 3002 709
1 3002 710
1 3002 711
1 3002 712
1 3002 713
1 3002 714
1 3002 715
1 3002 716
1 3002 717
1 3002 718
1 3002 719
1 3002 720
1 3002 721
1 3002 722
1 3002 723
1 3002 724
1 3002 725
1 3002 726
1 3002 727
1 3002 728
1 3002 729
1 3002 730
1 3002 731
1 3002 732
1 3002 733
1 3002 734
1 3002 735
1 3002 736
1 3002 737
1 3002 738
1 3002 739
1 3002 740
1 3002 741
1 3002 742
1 3002 743
1 3002 744
1 3002 745
1 3002 746
1 3002 747
1 3002 748
1 3002 749
1 3002 750
1 3002 751
1 3002 752
1 3002 753
1 3002 754
1 3002 755
1 3002 756
1 3002 757
1 3002 758
1 3002 759
1 3002 760
1 3002 761
1 3002 762
1 3002 763
1 3002 764
1 3002 765
1 3002 766
1 3002 767
1 3002 768
1 3002 769
1 3002 770
1 3002 771
1 3002 772
1 3002 773
1 3002 774
1 3002 775
1 3002 776
1 3002 777
1 3002 778
1 3002 779
1 3002 780
1 3002 781
1 3002 782
1 3002 783
1 3002 784
1 3002 785
1 3002 786
1 3002 787
1 3002 788
1 3002 789
1 3002 790
1 3002 791
1 3002 792
1 3002 793
1 3002 794
1 3002 795
1 3002 796
1 3002 797
1 3002 798
1 3002 799
1 3002 800
1 3002 801
1 3002 802
1 3002 803
1 3002 804
1 3002 805
1 3002 806
1 3002 807
1 3002 808
1 3002 809
1 3002 810
1 3002 811
1 3002 812
1 3002 813
1 3002 814
1 3002 815
1 3002 816
1 3002 817
1 3002 818
1 3002 819
1 3002 820
1 3002 821
1 3002 822
1 3002 823
1 3002 824
1 3002 825
1 3002 826
1 3002 827
1 3002 828
1 3002 829
1 3002 830
1 3002 831
1 3002 832
1 3002 833
1 3002 834
1 3002 835
1 3002 836
1 3002 837
1 3002 838
1 3002 839
1 3002 840
1 3002 841
1 3002 842
1 3002 843
1 3002 844
1 3002 845
1 3002 846
1 3002 847
1 3002 848
1 3002 849
1 3002 850
1 3002 851
1 3002 852
1 3002 853
1 3002 854
1 3002 855
1 3002 856
1 3002 857
1 3002 858
1 3002 859
1 3002 860
1 3002 861
1 3002 862
1 3002 863
1 3002 864
1 3002 865
1 3002 866
1 3002 867
1 3002 868
1 3002 869
1 3002 870
1 3002 871
1 3002 872
1 3002 873
1 3002 874
1 3002 875
1 3002 876
1 3002 877
1 3002 878
1 3002 879
1 3002 880
1 3002 881
1 3002 882
1 3002 883
1 3002 884
1 3002 885
1 3002 886
1 3002 887
1 3002 888
1 3002 889
1 3002 890
1 3002 891
1 3002 892
1 3002 893
1 3002 894
1 3002 895
1 3002 896
1 3002 897
1 3002 898
1 3002 899
1 3002 900
1 3002 901
1 3002 902
1 3002 903
1 3002 904
1 3002 905
1 3002 906
1 3002 907
1 3002 908
1 3002 909
1 3002 910
1 3002 911
1 3002 912
1 3002 913
1 3002 914
1 3002 915
1 3002 916
1 3002 917
1 3002 918
1 3002 919
1 3002 920
1 3002 921
1 3002 922
1 3002 923
1 3002 924
1 3002 925
1 3002 926
1 3002 927
1 3002 928
1 3002 929
1 3002 930
1 3002 931
1 3002 932
1 3002 933
1 3002 934
1 3002 935
1 3002 936
1 3002 937
1 3002 938
1 3002 939
1 3002 940
1 3002 941
1 3002 942
1 3002 943
1 3002 944
1 3002 945
1 3002 946
1 3002 947
1 3002 948
1 3002 949
1 3002 950
1 3002 951
1 3002 952
1 3002 953
1 3002 954
1 3002 955
1 3002 956
1 3002 957
1 3002 958
1 3002 959
1 3002 960
1 3002 961
1 3002 962
1 3002 963
1 3002 964
1 3002 965
1 3002 966
1 3002 967
1 3002 968
1 3002 969
1 3002 970
1 3002 971
1 3002 972
1 3002 973
1 3002 974
1 3002 975
1 3002 976
1 3002 977
1 3002 978
1 3002 979
1 3002 980
1 3002 981
1 3002 982
1 3002 983
1 3002 984
1 3002 985
1 3002 986
1 3002 987
1 3002 988
1 3002 989
1 3002 990
1 3002 991
1 3002 992
1 3002 993
1 3002 994
1 3002 995
1 3002 996
1 3002 997
1 3002 998
1 3002 999
1 3002 1000
1 3002 1001
1 3002 1002
1 3002 1003
1 3002 1004
1 3002 1005
1 3002 1006
1 3002 1007
1 3002 1008
1 3002 1009
1 3002 1010
1 3002 1011
1 3002 1012
1 3002 1013
1 3002 1014
1 3002 1015
1 3002 1016
1 3002 1017
1 3002 1018
1 3002 1019
1 3002 1020
1 3002 1021
1 3002 1022
1 3002 1023
1 3002 1024
1 3002 1025
1 3002 1026
1 3002 1027
1 3002 1028
1 3002 1029
1 3002 1030
1 3002 1031
1 3002 1032
1 3002 1033
1 3002 1034
1 3002 1035
1 3002 1036
1 3002 1037
1 3002 1038
1 3002 1039
1 3002 1040
1 3002 1041
1 3002 1042
1 3002 1043
1 3002 1044
1 3002 1045
1 3002 1046
1 3002 1047
1 3002 1048
1 3002 1049
1 3002 1050
1 3002 1051
1 3002 1052
1 3002 1053
1 3002 1054
1 3002 1055
1 3002 1056
1 3002 1057
1 3002 1058
1 3002 1059
1 3002 1060
1 3002 1061
1 3002 1062
1 3002 1063
1 3002 1064
1 3002 1065
1 3002 1066
1 3002 1067
1 3002 1068
1 3002 1069
1 3002 1070
1 3002 1071
1 3002 1072
1 3002 1073
1 3002 1074
1 3002 1075
1 3002 1076
1 3002 1077
1 3002 1078
1 3002 1079
1 3002 1080
1 3002 1081
1 3002 1082
1 3002 1083
1 3002 1084
1 3002 1085
1 3002 1086
1 3002 1087
1 3002 1088
1 3002 1089
1 3002 1090
1 3002 1091
1 3002 1092
1 3002 1093
1 3002 1094
1 3002 1095
1 3002 1096
1 3002 1097
1 3002 1098
1 3002 1099
1 3002 1100
1 3002 1101
1 3002 1102
1 3002 1103
1 3002 1104
1 3002 1105
1 3002 1106
1 3002 1107
1 3002 1108
1 3002 1109
1 3002 1110
1 3002 1111
1 3002 1112
1 3002 1113
1 3002 1114
1 3002 1115
1 3002 1116
1 3002 1117
1 3002 1118
1 3002 1119
1 3002 1120
1 3002 1121
1 3002 1122
1 3002 1123
1 3002 1124
1 3002 1125
1 3002 1126
1 3002 1127
1 3002 1128
1 3002 1129
1 3002 1130
1 3002 1131
1 3002 1132
1 3002 1133
1 3002 1134
1 3002 1135
1 3002 1136
1 3002 1137
1 3002 1138
1 3002 1139
1 3002 1140
1 3002 1141
1 3002 1142
1 3002 1143
1 3002 1144
1 3002 1145
1 3002 1146
1 3002 1147
1 3002 1148
1 3002 1149
1 3002 1150
1 3002 1151
1 3002 1152
1 3002 1153
1 3002 1154
1 3002 1155
1 3002 1156
1 3002 1157
1 3002 1158
1 3002 1159
1 3002 1160
1 3002 1161
1 3002 1162
1 3002 1163
1 3002 1164
1 3002 1165
1 3002 1166
1 3002 1167
1 3002 1168
1 3002 1169
1 3002 1170
1 3002 1171
1 3002 1172
1 3002 1173
1 3002 1174
1 3002 1175
1 3002 1176
1 3002 1177
1 3002 1178
1 3002 1179
1 3002 1180
1 3002 1181
1 3002 1182
1 3002 1183
1 3002 1184
1 3002 1185
1 3002 1186
1 3002 1187
1 3002 1188
1 3002 1189
1 3002 1190
1 3002 1191
1 3002 1192
1 3002 1193
1 3002 1194
1 3002 1195
1 3002 1196
1 3002 1197
1 3002 1198
1 3002 1199
1 3002 1200
1 3002 1201
1 3002 1202
1 3002 1203
1 3002 1204
1 3002 1205
1 3002 1206
1 3002 1207
1 3002 1208
1 3002 1209
1 3002 1210
1 3002 1211
1 3002 1212
1 3002 1213
1 3002 1214
1 3002 1215
1 3002 1216
1 3002 1217
1 3002 1218
1 3002 1219
1 3002 1220
1 3002 1221
1 3002 1222
1 3002 1223
1 3002 1224
1 3002 1225
1 3002 1226
1 3002 1227
1 3002 1228
1 3002 1229
1 3002 1230
1 3002 1231
1 3002 1232
1 3002 1233
1 3002 1234
1 3002 1235
1 3002 1236
1 3002 1237
1 3002 1238
1 3002 1239
1 3002 1240
1 3002 1241
1 3002 1242
1 3002 1243
1 3002 1244
1 3002 1245
1 3002 1246
1 3002 1247
1 3002 1248
1 3002 1249
1 3002 1250
1 3002 1251
1 3002 1252
1 3002 1253
1 3002 1254
1 3002 1255
1 3002 1256
1 3002 1257
1 3002 1258
1 3002 1259
1 3002 1260
1 3002 1261
1 3002 1262
1 3002 1263
1 3002 1264
1 3002 1265
1 3002 1266
1 3002 1267
1 3002 1268
1 3002 1269
1 3002 1270
1 3002 1271
1 3002 1272
1 3002 1273
1 3002 1274
1 3002 1275
1 3002 1276
1 3002 1277
1 3002 1278
1 3002 1279
1 3002 1280
1 3002 1281
1 3002 1282
1 3002 1283
1 3002 1284
1 3002 1285
1 3002 1286
1 3002 1287
1 3002 1288
1 3002 1289
1 3002 1290
1 3002 1291
1 3002 1292
1 3002 1293
1 3002 1294
1 3002 1295
1 3002 1296
1 3002 1297
1 3002 1298
1 3002 1299
1 3002 1300
1 3002 1301
1 3002 1302
1 3002 1303
1 3002 1304
1 3002 1305
1 3002 1306
1 3002 1307
1 3002 1308
1 3002 1309
1 3002 1310
1 3002 1311
1 3002 1312
1 3002 1313
1 3002 1314
1 3002 1315
1 3002 1316
1 3002 1317
1 3002 1318
1 3002 1319
1 3002 1320
1 3002 1321
1 3002 1322
1 3002 1323
1 3002 1324
1 3002 1325
1 3002 1326
1 3002 1327
1 3002 1328
1 3002 1329
1 3002 1330
1 3002 1331
1 3002 1332
1 3002 1333
1 3002 1334
1 3002 1335
1 3002 1336
1 3002 1337
1 3002 1338
1 3002 1339
1 3002 1340
1 3002 1341
1 3002 1342
1 3002 1343
1 3002 1344
1 3002 1345
1 3002 1346
1 3002 1347
1 3002 1348
1 3002 1349
1 3002 1350
1 3002 1351
1 3002 1352
1 3002 1353
1 3002 1354
1 3002 1355
1 3002 1356
1 3002 1357
1 3002 1358
1 3002 1359
1 3002 1360
1 3002 1361
1 3002 1362
1 3002 1363
1 3002 1364
1 3002 1365
1 3002 1366
1 3002 1367
1 3002 1368
1 3002 1369
1 3002 1370
1 3002 1371
1 3002 1372
1 3002 1373
1 3002 1374
1 3002 1375
1 3002 1376
1 3002 1377
1 3002 1378
1 3002 1379
1 3002 1380
1 3002 1381
1 3002 1382
1 3002 1383
1 3002 1384
1 3002 1385
1 3002 1386
1 3002 1387
1 3002 1388
1 3002 1389
1 3002 1390
1 3002 1391
1 3002 1392
1 3002 1393
1 3002 1394
1 3002 1395
1 3002 1396
1 3002 1397
1 3002 1398
1 3002 1399
1 3002 1400
1 3002 1401
1 3002 1402
1 3002 1403
1 3002 1404
1 3002 1405
1 3002 1406
1 3002 1407
1 3002 1408
1 3002 1409
1 3002 1410
1 3002 1411
1 3002 1412
1 3002 1413
1 3002 1414
1 3002 1415
1 3002 1416
1 3002 1417
1 3002 1418
1 3002 1419
1 3002 1420
1 3002 1421
1 3002 1422
1 3002 1423
1 3002 1424
1 3002 1425
1 3002 1426
1 3002 1427
1 3002 1428
1 3002 1429
1 3002 1430
1 3002 1431
1 3002 1432
1 3002 1433
1 3002 1434
1 3002 1435
1 3002 1436
1 3002 1437
1 3002 1438
1 3002 1439
1 3002 1440
1 3002 1441
1 3002 1442
1 3002 1443
1 3002 1444
1 3002 1445
1 3002 1446
1 3002 1447
1 3002 1448
1 3002 1449
1 3002 1450
1 3002 1451
1 3002 1452
1 3002 1453
1 3002 1454
1 3002 1455
1 3002 1456
1 3002 1457
1 3002 1458
1 3002 1459
1 3002 1460
1 3002 1461
1 3002 1462
1 3002 1463
1 3002 1464
1 3002 1465
1 3002 1466
1 3002 1467
1 3002 1468
1 3002 1469
1 3002 1470
1 3002 1471
1 3002 1472
1 3002 1473
1 3002 1474
1 3002 1475
1 3002 1476
1 3002 1477
1 3002 1478
1 3002 1479
1 3002 1480
1 3002 1481
1 3002 1482
1 3002 1483
1 3002 1484
1 3002 1485
1 3002 1486
1 3002 1487
1 3002 1488
1 3002 1489
1 3002 1490
1 3002 1491
1 3002 1492
1 3002 1493
1 3002 1494
1 3002 1495
1 3002 1496
1 3002 1497
1 3002 1498
1 3002 1499
1 3002 1500
1 3002 1501
1 3002 1502
1 3002 1503
1 3002 1504
1 3002 1505
1 3002 1506
1 3002 1507
1 3002 1508
1 3002 1509
1 3002 1510
1 3002 1511
1 3002 1512
1 3002 1513
1 3002 1514
1 3002 1515
1 3002 1516
1 3002 1517
1 3002 1518
1 3002 1519
1 3002 1520
1 3002 1521
1 3002 1522
1 3002 1523
1 3002 1524
1 3002 1525
1 3002 1526
1 3002 1527
1 3002 1528
1 3002 1529
1 3002 1530
1 3002 1531
1 3002 1532
1 3002 1533
1 3002 1534
1 3002 1535
1 3002 1536
1 3002 1537
1 3002 1538
1 3002 1539
1 3002 1540
1 3002 1541
1 3002 1542
1 3002 1543
1 3002 1544
1 3002 1545
1 3002 1546
1 3002 1547
1 3002 1548
1 3002 1549
1 3002 1550
1 3002 1551
1 3002 1552
1 3002 1553
1 3002 1554
1 3002 1555
1 3002 1556
1 3002 1557
1 3002 1558
1 3002 1559
1 3002 1560
1 3002 1561
1 3002 1562
1 3002 1563
1 3002 1564
1 3002 1565
1 3002 1566
1 3002 1567
1 3002 1568
1 3002 1569
1 3002 1570
1 3002 1571
1 3002 1572
1 3002 1573
1 3002 1574
1 3002 1575
1 3002 1576
1 3002 1577
1 3002 1578
1 3002 1579
1 3002 1580
1 3002 1581
1 3002 1582
1 3002 1583
1 3002 1584
1 3002 1585
1 3002 1586
1 3002 1587
1 3002 1588
1 3002 1589
1 3002 1590
1 3002 1591
1 3002 1592
1 3002 1593
1 3002 1594
1 3002 1595
1 3002 1596
1 3002 1597
1 3002 1598
1 3002 1599
1 3002 1600
1 3002 1601
1 3002 1602
1 3002 1603
1 3002 1604
1 3002 1605
1 3002 1606
1 3002 1607
1 3002 1608
1 3002 1609
1 3002 1610
1 3002 1611
1 3002 1612
1 3002 1613
1 3002 1614
1 3002 1615
1 3002 1616
1 3002 1617
1 3002 1618
1 3002 1619
1 3002 1620
1 3002 1621
1 3002 1622
1 3002 1623
1 3002 1624
1 3002 1625
1 3002 1626
1 3002 1627
1 3002 1628
1 3002 1629
1 3002 1630
1 3002 1631
1 3002 1632
1 3002 1633
1 3002 1634
1 3002 1635
1 3002 1636
1 3002 1637
1 3002 1638
1 3002 1639
1 3002 1640
1 3002 1641
1 3002 1642
1 3002 1643
1 3002 1644
1 3002 1645
1 3002 1646
1 3002 1647
1 3002 1648
1 3002 1649
1 3002 1650
1 3002 1651
1 3002 1652
1 3002 1653
1 3002 1654
1 3002 1655
1 3002 1656
1 3002 1657
1 3002 1658
1 3002 1659
1 3002 1660
1 3002 1661
1 3002 1662
1 3002 1663
1 3002 1664
1 3002 1665
1 3002 1666
1 3002 1667
1 3002 1668
1 3002 1669
1 3002 1670
1 3002 1671
1 3002 1672
1 3002 1673
1 3002 1674
1 3002 1675
1 3002 1676
1 3002 1677
1 3002 1678
1 3002 1679
1 3002 1680
1 3002 1681
1 3002 1682
1 3002 1683
1 3002 1684
1 3002 1685
1 3002 1686
1 3002 1687
1 3002 1688
1 3002 1689
1 3002 1690
1 3002 1691
1 3002 1692
1 3002 1693
1 3002 1694
1 3002 1695
1 3002 1696
1 3002 1697
1 3002 1698
1 3002 1699
1 3002 1700
1 3002 1701
1 3002 1702
1 3002 1703
1 3002 1704
1 3002 1705
1 3002 1706
1 3002 1707
1 3002 1708
1 3002 1709
1 3002 1710
1 3002 1711
1 3002 1712
1 3002 1713
1 3002 1714
1 3002 1715
1 3002 1716
1 3002 1717
1 3002 1718
1 3002 1719
1 3002 1720
1 3002 1721
1 3002 1722
1 3002 1723
1 3002 1724
1 3002 1725
1 3002 1726
1 3002 1727
1 3002 1728
1 3002 1729
1 3002 1730
1 3002 1731
1 3002 1732
1 3002 1733
1 3002 1734
1 3002 1735
1 3002 1736
1 3002 1737
1 3002 1738
1 3002 1739
1 3002 1740
1 3002 1741
1 3002 1742
1 3002 1743
1 3002 1744
1 3002 1745
1 3002 1746
1 3002 1747
1 3002 1748
1 3002 1749
1 3002 1750
1 3002 1751
1 3002 1752
1 3002 1753
1 3002 1754
1 3002 1755
1 3002 1756
1 3002 1757
1 3002 1758
1 3002 1759
1 3002 1760
1 3002 1761
1 3002 1762
1 3002 1763
1 3002 1764
1 3002 1765
1 3002 1766
1 3002 1767
1 3002 1768
1 3002 1769
1 3002 1770
1 3002 1771
1 3002 1772
1 3002 1773
1 3002 1774
1 3002 1775
1 3002 1776
1 3002 1777
1 3002 1778
1 3002 1779
1 3002 1780
1 3002 1781
1 3002 1782
1 3002 1783
1 3002 1784
1 3002 1785
1 3002 1786
1 3002 1787
1 3002 1788
1 3002 1789
1 3002 1790
1 3002 1791
1 3002 1792
1 3002 1793
1 3002 1794
1 3002 1795
1 3002 1796
1 3002 1797
1 3002 1798
1 3002 1799
1 3002 1800
1 3002 1801
1 3002 1802
1 3002 1803
1 3002 1804
1 3002 1805
1 3002 1806
1 3002 1807
1 3002 1808
1 3002 1809
1 3002 1810
1 3002 1811
1 3002 1812
1 3002 1813
1 3002 1814
1 3002 1815
1 3002 1816
1 3002 1817
1 3002 1818
1 3002 1819
1 3002 1820
1 3002 1821
1 3002 1822
1 3002 1823
1 3002 1824
1 3002 1825
1 3002 1826
1 3002 1827
1 3002 1828
1 3002 1829
1 3002 1830
1 3002 1831
1 3002 1832
1 3002 1833
1 3002 1834
1 3002 1835
1 3002 1836
1 3002 1837
1 3002 1838
1 3002 1839
1 3002 1840
1 3002 1841
1 3002 1842
1 3002 1843
1 3002 1844
1 3002 1845
1 3002 1846
1 3002 1847
1 3002 1848
1 3002 1849
1 3002 1850
1 3002 1851
1 3002 1852
1 3002 1853
1 3002 1854
1 3002 1855
1 3002 1856
1 3002 1857
1 3002 1858
1 3002 1859
1 3002 1860
1 3002 1861
1 3002 1862
1 3002 1863
1 3002 1864
1 3002 1865
1 3002 1866
1 3002 1867
1 3002 1868
1 3002 1869
1 3002 1870
1 3002 1871
1 3002 1872
1 3002 1873
1 3002 1874
1 3002 1875
1 3002 1876
1 3002 1877
1 3002 1878
1 3002 1879
1 3002 1880
1 3002 1881
1 3002 1882
1 3002 1883
1 3002 1884
1 3002 1885
1 3002 1886
1 3002 1887
1 3002 1888
1 3002 1889
1 3002 1890
1 3002 1891
1 3002 1892
1 3002 1893
1 3002 1894
1 3002 1895
1 3002 1896
1 3002 1897
1 3002 1898
1 3002 1899
1 3002 1900
1 3002 1901
1 3002 1902
1 3002 1903
1 3002 1904
1 3002 1905
1 3002 1906
1 3002 1907
1 3002 1908
1 3002 1909
1 3002 1910
1 3002 1911
1 3002 1912
1 3002 1913
1 3002 1914
1 3002 1915
1 3002 1916
1 3002 1917
1 3002 1918
1 3002 1919
1 3002 1920
1 3002 1921
1 3002 1922
1 3002 1923
1 3002 1924
1 3002 1925
1 3002 1926
1 3002 1927
1 3002 1928
1 3002 1929
1 3002 1930
1 3002 1931
1 3002 1932
1 3002 1933
1 3002 1934
1 3002 1935
1 3002 1936
1 3002 1937
1 3002 1938
1 3002 1939
1 3002 1940
1 3002 1941
1 3002 1942
1 3002 1943
1 3002 1944
1 3002 1945
1 3002 1946
1 3002 1947
1 3002 1948
1 3002 1949
1 3002 1950
1 3002 1951
1 3002 1952
1 3002 1953
1 3002 1954
1 3002 1955
1 3002 1956
1 3002 1957
1 3002 1958
1 3002 1959
1 3002 1960
1 3002 1961
1 3002 1962
1 3002 1963
1 3002 1964
1 3002 1965
1 3002 1966
1 3002 1967
1 3002 1968
1 3002 1969
1 3002 1970
1 3002 1971
1 3002 1972
1 3002 1973
1 3002 1974
1 3002 1975
1 3002 1976
1 3002 1977
1 3002 1978
1 3002 1979
1 3002 1980
1 3002 1981
1 3002 1982
1 3002 1983
1 3002 1984
1 3002 1985
1 3002 1986
1 3002 1987
1 3002 1988
1 3002 1989
1 3002 1990
1 3002 1991
1 3002 1992
1 3002 1993
1 3002 1994
1 3002 1995
1 3002 1996
1 3002 1997
1 3002 1998
1 3002 1999
1 3002 2000
1 3002 2001
1 3002 2002
1 3002 2003
1 3002 2004
1 3002 2005
1 3002 2006
1 3002 2007
1 3002 2008
1 3002 2009
1 3002 2010
1 3002 2011
1 3002 2012
1 3002 2013
1 3002 2014
1 3002 2015
1 3002 2016
1 3002 2017
1 3002 2018
1 3002 2019
1 3002 2020
1 3002 2021
1 3002 2022
1 3002 2023
1 3002 2024
1 3002 2025
1 3002 2026
1 3002 2027
1 3002 2028
1 3002 2029
1 3002 2030
1 3002 2031
1 3002 2032
1 3002 2033
1 3002 2034
1 3002 2035
1 3002 2036
1 3002 2037
1 3002 2038
1 3002 2039
1 3002 2040
1 3002 2041
1 3002 2042
1 3002 2043
1 3002 2044
1 3002 2045
1 3002 2046
1 3002 2047
1 3002 2048
1 3002 2049
1 3002 2050
1 3002 2051
1 3002 2052
1 3002 2053
1 3002 2054
1 3002 2055
1 3002 2056
1 3002 2057
1 3002 2058
1 3002 2059
1 3002 2060
1 3002 2061
1 3002 2062
1 3002 2063
1 3002 2064
1 3002 2065
1 3002 2066
1 3002 2067
1 3002 2068
1 3002 2069
1 3002 2070
1 3002 2071
1 3002 2072
1 3002 2073
1 3002 2074
1 3002 2075
1 3002 2076
1 3002 2077
1 3002 2078
1 3002 2079
1 3002 2080
1 3002 2081
1 3002 2082
1 3002 2083
1 3002 2084
1 3002 2085
1 3002 2086
1 3002 2087
1 3002 2088
1 3002 2089
1 3002 2090
1 3002 2091
1 3002 2092
1 3002 2093
1 3002 2094
1 3002 2095
1 3002 2096
1 3002 2097
1 3002 2098
1 3002 2099
1 3002 2100
1 3002 2101
1 3002 2102
1 3002 2103
1 3002 2104
1 3002 2105
1 3002 2106
1 3002 2107
1 3002 2108
1 3002 2109
1 3002 2110
1 3002 2111
1 3002 2112
1 3002 2113
1 3002 2114
1 3002 2115
1 3002 2116
1 3002 2117
1 3002 2118
1 3002 2119
1 3002 2120
1 3002 2121
1 3002 2122
1 3002 2123
1 3002 2124
1 3002 2125
1 3002 2126
1 3002 2127
1 3002 2128
1 3002 2129
1 3002 2130
1 3002 2131
1 3002 2132
1 3002 2133
1 3002 2134
1 3002 2135
1 3002 2136
1 3002 2137
1 3002 2138
1 3002 2139
1 3002 2140
1 3002 2141
1 3002 2142
1 3002 2143
1 3002 2144
1 3002 2145
1 3002 2146
1 3002 2147
1 3002 2148
1 3002 2149
1 3002 2150
1 3002 2151
1 3002 2152
1 3002 2153
1 3002 2154
1 3002 2155
1 3002 2156
1 3002 2157
1 3002 2158
1 3002 2159
1 3002 2160
1 3002 2161
1 3002 2162
1 3002 2163
1 3002 2164
1 3002 2165
1 3002 2166
1 3002 2167
1 3002 2168
1 3002 2169
1 3002 2170
1 3002 2171
1 3002 2172
1 3002 2173
1 3002 2174
1 3002 2175
1 3002 2176
1 3002 2177
1 3002 2178
1 3002 2179
1 3002 2180
1 3002 2181
1 3002 2182
1 3002 2183
1 3002 2184
1 3002 2185
1 3002 2186
1 3002 2187
1 3002 2188
1 3002 2189
1 3002 2190
1 3002 2191
1 3002 2192
1 3002 2193
1 3002 2194
1 3002 2195
1 3002 2196
1 3002 2197
1 3002 2198
1 3002 2199
1 3002 2200
1 3002 2201
1 3002 2202
1 3002 2203
1 3002 2204
1 3002 2205
1 3002 2206
1 3002 2207
1 3002 2208
1 3002 2209
1 3002 2210
1 3002 2211
1 3002 2212
1 3002 2213
1 3002 2214
1 3002 2215
1 3002 2216
1 3002 2217
1 3002 2218
1 3002 2219
1 3002 2220
1 3002 2221
1 3002 2222
1 3002 2223
1 3002 2224
1 3002 2225
1 3002 2226
1 3002 2227
1 3002 2228
1 3002 2229
1 3002 2230
1 3002 2231
1 3002 2232
1 3002 2233
1 3002 2234
1 3002 2235
1 3002 2236
1 3002 2237
1 3002 2238
1 3002 2239
1 3002 2240
1 3002 2241
1 3002 2242
1 3002 2243
1 3002 2244
1 3002 2245
1 3002 2246
1 3002 2247
1 3002 2248
1 3002 2249
1 3002 2250
1 3002 2251
1 3002 2252
1 3002 2253
1 3002 2254
1 3002 2255
1 3002 2256
1 3002 2257
1 3002 2258
1 3002 2259
1 3002 2260
1 3002 2261
1 3002 2262
1 3002 2263
1 3002 2264
1 3002 2265
1 3002 2266
1 3002 2267
1 3002 2268
1 3002 2269
1 3002 2270
1 3002 2271
1 3002 2272
1 3002 2273
1 3002 2274
1 3002 2275
1 3002 2276
1 3002 2277
1 3002 2278
1 3002 2279
1 3002 2280
1 3002 2281
1 3002 2282
1 3002 2283
1 3002 2284
1 3002 2285
1 3002 2286
1 3002 2287
1 3002 2288
1 3002 2289
1 3002 2290
1 3002 2291
1 3002 2292
1 3002 2293
1 3002 2294
1 3002 2295
1 3002 2296
1 3002 2297
1 3002 2298
1 3002 2299
1 3002 2300
1 3002 2301
1 3002 2302
1 3002 2303
1 3002 2304
1 3002 2305
1 3002 2306
1 3002 2307
1 3002 2308
1 3002 2309
1 3002 2310
1 3002 2311
1 3002 2312
1 3002 2313
1 3002 2314
1 3002 2315
1 3002 2316
1 3002 2317
1 3002 2318
1 3002 2319
1 3002 2320
1 3002 2321
1 3002 2322
1 3002 2323
1 3002 2324
1 3002 2325
1 3002 2326
1 3002 2327
1 3002 2328
1 3002 2329
1 3002 2330
1 3002 2331
1 3002 2332
1 3002 2333
1 3002 2334
1 3002 2335
1 3002 2336
1 3002 2337
1 3002 2338
1 3002 2339
1 3002 2340
1 3002 2341
1 3002 2342
1 3002 2343
1 3002 2344
1 3002 2345
1 3002 2346
1 3002 2347
1 3002 2348
1 3002 2349
1 3002 2350
1 3002 2351
1 3002 2352
1 3002 2353
1 3002 2354
1 3002 2355
1 3002 2356
1 3002 2357
1 3002 2358
1 3002 2359
1 3002 2360
1 3002 2361
1 3002 2362
1 3002 2363
1 3002 2364
1 3002 2365
1 3002 2366
1 3002 2367
1 3002 2368
1 3002 2369
1 3002 2370
1 3002 2371
1 3002 2372
1 3002 2373
1 3002 2374
1 3002 2375
1 3002 2376
1 3002 2377
1 3002 2378
1 3002 2379
1 3002 2380
1 3002 2381
1 3002 2382
1 3002 2383
1 3002 2384
1 3002 2385
1 3002 2386
1 3002 2387
1 3002 2388
1 3002 2389
1 3002 2390
1 3002 2391
1 3002 2392
1 3002 2393
1 3002 2394
1 3002 2395
1 3002 2396
1 3002 2397
1 3002 2398
1 3002 2399
1 3002 2400
1 3002 2401
1 3002 2402
1 3002 2403
1 3002 2404
1 3002 2405
1 3002 2406
1 3002 2407
1 3002 2408
1 3002 2409
1 3002 2410
1 3002 2411
1 3002 2412
1 3002 2413
1 3002 2414
1 3002 2415
1 3002 2416
1 3002 2417
1 3002 2418
1 3002 2419
1 3002 2420
1 3002 2421
1 3002 2422
1 3002 2423
1 3002 2424
1 3002 2425
1 3002 2426
1 3002 2427
1 3002 2428
1 3002 2429
1 3002 2430
1 3002 2431
1 3002 2432
1 3002 2433
1 3002 2434
1 3002 2435
1 3002 2436
1 3002 2437
1 3002 2438
1 3002 2439
1 3002 2440
1 3002 2441
1 3002 2442
1 3002 2443
1 3002 2444
1 3002 2445
1 3002 2446
1 3002 2447
1 3002 2448
1 3002 2449
1 3002 2450
1 3002 2451
1 3002 2452
1 3002 2453
1 3002 2454
1 3002 2455
1 3002 2456
1 3002 2457
1 3002 2458
1 3002 2459
1 3002 2460
1 3002 2461
1 3002 2462
1 3002 2463
1 3002 2464
1 3002 2465
1 3002 2466
1 3002 2467
1 3002 2468
1 3002 2469
1 3002 2470
1 3002 2471
1 3002 2472
1 3002 2473
1 3002 2474
1 3002 2475
1 3002 2476
1 3002 2477
1 3002 2478
1 3002 2479
1 3002 2480
1 3002 2481
1 3002 2482
1 3002 2483
1 3002 2484
1 3002 2485
1 3002 2486
1 3002 2487
1 3002 2488
1 3002 2489
1 3002 2490
1 3002 2491
1 3002 2492
1 3002 2493
1 3002 2494
1 3002 2495
1 3002 2496
1 3002 2497
1 3002 2498
1 3002 2499
1 3002 2500
1 3002 2501
1 3002 2502
1 3002 2503
1 3002 2504
1 3002 2505
1 3002 2506
1 3002 2507
1 3002 2508
1 3002 2509
1 3002 2510
1 3002 2511
1 3002 2512
1 3002 2513
1 3002 2514
1 3002 2515
1 3002 2516
1 3002 2517
1 3002 2518
1 3002 2519
1 3002 2520
1 3002 2521
1 3002 2522
1 3002 2523
1 3002 2524
1 3002 2525
1 3002 2526
1 3002 2527
1 3002 2528
1 3002 2529
1 3002 2530
1 3002 2531
1 3002 2532
1 3002 2533
1 3002 2534
1 3002 2535
1 3002 2536
1 3002 2537
1 3002 2538
1 3002 2539
1 3002 2540
1 3002 2541
1 3002 2542
1 3002 2543
1 3002 2544
1 3002 2545
1 3002 2546
1 3002 2547
1 3002 2548
1 3002 2549
1 3002 2550
1 3002 2551
1 3002 2552
1 3002 2553
1 3002 2554
1 3002 2555
1 3002 2556
1 3002 2557
1 3002 2558
1 3002 2559
1 3002 2560
1 3002 2561
1 3002 2562
1 3002 2563
1 3002 2564
1 3002 2565
1 3002 2566
1 3002 2567
1 3002 2568
1 3002 2569
1 3002 2570
1 3002 2571
1 3002 2572
1 3002 2573
1 3002 2574
1 3002 2575
1 3002 2576
1 3002 2577
1 3002 2578
1 3002 2579
1 3002 2580
1 3002 2581
1 3002 2582
1 3002 2583
1 3002 2584
1 3002 2585
1 3002 2586
1 3002 2587
1 3002 2588
1 3002 2589
1 3002 2590
1 3002 2591
1 3002 2592
1 3002 2593
1 3002 2594
1 3002 2595
1 3002 2596
1 3002 2597
1 3002 2598
1 3002 2599
1 3002 2600
1 3002 2601
1 3002 2602
1 3002 2603
1 3002 2604
1 3002 2605
1 3002 2606
1 3002 2607
1 3002 2608
1 3002 2609
1 3002 2610
1 3002 2611
1 3002 2612
1 3002 2613
1 3002 2614
1 3002 2615
1 3002 2616
1 3002 2617
1 3002 2618
1 3002 2619
1 3002 2620
1 3002 2621
1 3002 2622
1 3002 2623
1 3002 2624
1 3002 2625
1 3002 2626
1 3002 2627
1 3002 2628
1 3002 2629
1 3002 2630
1 3002 2631
1 3002 2632
1 3002 2633
1 3002 2634
1 3002 2635
1 3002 2636
1 3002 2637
1 3002 2638
1 3002 2639
1 3002 2640
1 3002 2641
1 3002 2642
1 3002 2643
1 3002 2644
1 3002 2645
1 3002 2646
1 3002 2647
1 3002 2648
1 3002 2649
1 3002 2650
1 3002 2651
1 3002 2652
1 3002 2653
1 3002 2654
1 3002 2655
1 3002 2656
1 3002 2657
1 3002 2658
1 3002 2659
1 3002 2660
1 3002 2661
1 3002 2662
1 3002 2663
1 3002 2664
1 3002 2665
1 3002 2666
1 3002 2667
1 3002 2668
1 3002 2669
1 3002 2670
1 3002 2671
1 3002 2672
1 3002 2673
1 3002 2674
1 3002 2675
1 3002 2676
1 3002 2677
1 3002 2678
1 3002 2679
1 3002 2680
1 3002 2681
1 3002 2682
1 3002 2683
1 3002 2684
1 3002 2685
1 3002 2686
1 3002 2687
1 3002 2688
1 3002 2689
1 3002 2690
1 3002 2691
1 3002 2692
1 3002 2693
1 3002 2694
1 3002 2695
1 3002 2696
1 3002 2697
1 3002 2698
1 3002 2699
1 3002 2700
1 3002 2701
1 3002 2702
1 3002 2703
1 3002 2704
1 3002 2705
1 3002 2706
1 3002 2707
1 3002 2708
1 3002 2709
1 3002 2710
1 3002 2711
1 3002 2712
1 3002 2713
1 3002 2714
1 3002 2715
1 3002 2716
1 3002 2717
1 3002 2718
1 3002 2719
1 3002 2720
1 3002 2721
1 3002 2722
1 3002 2723
1 3002 2724
1 3002 2725
1 3002 2726
1 3002 2727
1 3002 2728
1 3002 2729
1 3002 2730
1 3002 2731
1 3002 2732
1 3002 2733
1 3002 2734
1 3002 2735
1 3002 2736
1 3002 2737
1 3002 2738
1 3002 2739
1 3002 2740
1 3002 2741
1 3002 2742
1 3002 2743
1 3002 2744
1 3002 2745
1 3002 2746
1 3002 2747
1 3002 2748
1 3002 2749
1 3002 2750
1 3002 2751
1 3002 2752
1 3002 2753
1 3002 2754
1 3002 2755
1 3002 2756
1 3002 2757
1 3002 2758
1 3002 2759
1 3002 2760
1 3002 2761
1 3002 2762
1 3002 2763
1 3002 2764
1 3002 2765
1 3002 2766
1 3002 2767
1 3002 2768
1 3002 2769
1 3002 2770
1 3002 2771
1 3002 2772
1 3002 2773
1 3002 2774
1 3002 2775
1 3002 2776
1 3002 2777
1 3002 2778
1 3002 2779
1 3002 2780
1 3002 2781
1 3002 2782
1 3002 2783
1 3002 2784
1 3002 2785
1 3002 2786
1 3002 2787
1 3002 2788
1 3002 2789
1 3002 2790
1 3002 2791
1 3002 2792
1 3002 2793
1 3002 2794
1 3002 2795
1 3002 2796
1 3002 2797
1 3002 2798
1 3002 2799
1 3002 2800
1 3002 2801
1 3002 2802
1 3002 2803
1 3002 2804
1 3002 2805
1 3002 2806
1 3002 2807
1 3002 2808
1 3002 2809
1 3002 2810
1 3002 2811
1 3002 2812
1 3002 2813
1 3002 2814
1 3002 2815
1 3002 2816
1 3002 2817
1 3002 2818
1 3002 2819
1 3002 2820
1 3002 2821
1 3002 2822
1 3002 2823
1 3002 2824
1 3002 2825
1 3002 2826
1 3002 2827
1 3002 2828
1 3002 2829
1 3002 2830
1 3002 2831
1 3002 2832
1 3002 2833
1 3002 2834
1 3002 2835
1 3002 2836
1 3002 2837
1 3002 2838
1 3002 2839
1 3002 2840
1 3002 2841
1 3002 2842
1 3002 2843
1 3002 2844
1 3002 2845
1 3002 2846
1 3002 2847
1 3002 2848
1 3002 2849
1 3002 2850
1 3002 2851
1 3002 2852
1 3002 2853
1 3002 2854
1 3002 2855
1 3002 2856
1 3002 2857
1 3002 2858
1 3002 2859
1 3002 2860
1 3002 2861
1 3002 2862
1 3002 2863
1 3002 2864
1 3002 2865
1 3002 2866
1 3002 2867
1 3002 2868
1 3002 2869
1 3002 2870
1 3002 2871
1 3002 2872
1 3002 2873
1 3002 2874
1 3002 2875
1 3002 2876
1 3002 2877
1 3002 2878
1 3002 2879
1 3002 2880
1 3002 2881
1 3002 2882
1 3002 2883
1 3002 2884
1 3002 2885
1 3002 2886
1 3002 2887
1 3002 2888
1 3002 2889
1 3002 2890
1 3002 2891
1 3002 2892
1 3002 2893
1 3002 2894
1 3002 2895
1 3002 2896
1 3002 2897
1 3002 2898
1 3002 2899
1 3002 2900
1 3002 2901
1 3002 2902
1 3002 2903
1 3002 2904
1 3002 2905
1 3002 2906
1 3002 2907
1 3002 2908
1 3002 2909
1 3002 2910
1 3002 2911
1 3002 2912
1 3002 2913
1 3002 2914
1 3002 2915
1 3002 2916
1 3002 2917
1 3002 2918
1 3002 2919
1 3002 2920
1 3002 2921
1 3002 2922
1 3002 2923
1 3002 2924
1 3002 2925
1 3002 2926
1 3002 2927
1 3002 2928
1 3002 2929
1 3002 2930
1 3002 2931
1 3002 2932
1 3002 2933
1 3002 2934
1 3002 2935
1 3002 2936
1 3002 2937
1 3002 2938
1 3002 2939
1 3002 2940
1 3002 2941
1 3002 2942
1 3002 2943
1 3002 2944
1 3002 2945
1 3002 2946
1 3002 2947
1 3002 2948
1 3002 2949
1 3002 2950
1 3002 2951
1 3002 2952
1 3002 2953
1 3002 2954
1 3002 2955
1 3002 2956
1 3002 2957
1 3002 2958
1 3002 2959
1 3002 2960
1 3002 2961
1 3002 2962
1 3002 2963
1 3002 2964
1 3002 2965
1 3002 2966
1 3002 2967
1 3002 2968
1 3002 2969
1 3002 2970
1 3002 2971
1 3002 2972
1 3002 2973
1 3002 2974
1 3002 2975
1 3002 2976
1 3002 2977
1 3002 2978
1 3002 2979
1 3002 2980
1 3002 2981
1 3002 2982
1 3002 2983
1 3002 2984
1 3002 2985
1 3002 2986
1 3002 2987
1 3002 2988
1 3002 2989
1 3002 2990
1 3002 2991
1 3002 2992
1 3002 2993
1 3002 2994
1 3002 2995
1 3002 2996
1 3002 2997
1 3002 2998
1 3002 2999
1 3002 3000
1 3002 3001
vertical segments 3000
2 1 3002
3 1 3002
4 1 3002
5 1 3002
6 1 3002
7 1 3002
8 1 3002
9 1 3002
10 1 3002
11 1 3002
12 1 3002
13 1 3002
14 1 3002
15 1 3002
16 1 3002
17 1 3002
18 1 3002
19 1 3002
20 1 3002
21 1 3002
22 1 3002
23 1 3002
24 1 3002
25 1 3002
26 1 3002
27 1 3002
28 1 3002
29 1 3002
30 1 3002
31 1 3002
32 1 3002
33 1 3002
34 1 3002
35 1 3002
36 1 3002
37 1 3002
38 1 3002
39 1 3002
40 1 3002
41 1 3002
42 1 3002
43 1 3002
44 1 3002
45 1 3002
46 1 3002
47 1 3002
48 1 3002
49 1 3002
50 1 3002
51 1 3002
52 1 3002
53 1 3002
54 1 3002
55 1 3002
56 1 3002
57 1 3002
58 1 3002
59 1 3002
60 1 3002
61 1 3002
62 1 3002
63 1 3002
64 1 3002
65 1 3002
66 1 3002
67 1 3002
68 1 3002
69 1 3002
70 1 3002
71 1 3002
72 1 3002
73 1 3002
74 1 3002
75 1 3002
76 1 3002
77 1 3002
78 1 3002
79 1 3002
80 1 3002
81 1 3002
82 1 3002
83 1 3002
84 1 3002
85 1 3002
86 1 3002
87 1 3002
88 1 3002
89 1 3002
90 1 3002
91 1 3002
92 1 3002
93 1 3002
94 1 3002
95 1 3002
96 1 3002
97 1 3002
98 1 3002
99 1 3002
100 1 3002
101 1 3002
102 1 3002
103 1 3002
104 1 3002
105 1 3002
106 1 3002
107 1 3002
108 1 3002
109 1 3002
110 1 3002
111 1 3002
112 1 3002
113 1 3002
114 1 3002
115 1 3002
116 1 3002
117 1 3002
118 1 3002
119 1 3002
120 1 3002
121 1 3002
122 1 3002
123 1 3002
124 1 3002
125 1 3002
126 1 3002
127 1 3002
128 1 3002
129 1 3002
130 1 3002
131 1 3002
132 1 3002
133 1 3002
134 1 3002
135 1 3002
136 1 3002
137 1 3002
138 1 3002
139 1 3002
140 1 3002
141 1 3002
142 1 3002
143 1 3002
144 1 3002
145 1 3002
146 1 3002
147 1 3002
148 1 3002
149 1 3002
150 1 3002
151 1 3002
152 1 3002
153 1 3002
154 1 3002
155 1 3002
156 1 3002
157 1 3002
158 1 3002
159 1 3002
160 1 3002
161 1 3002
162 1 3002
163 1 3002
164 1 3002
165 1 3002
166 1 3002
167 1 3002
168 1 3002
169 1 3002
170 1 3002
171 1 3002
172 1 3002
173 1 3002
174 1 3002
175 1 3002
176 1 3002
177 1 3002
178 1 3002
179 1 3002
180 1 3002
181 1 3002
182 1 3002
183 1 3002
184 1 3002
185 1 3002
186 1 3002
187 1 3002
188 1 3002
189 1 3002
190 1 3002
191 1 3002
192 1 3002
193 1 3002
194 1 3002
195 1 3002
196 1 3002
197 1 3002
198 1 3002
199 1 3002
200 1 3002
201 1 3002
202 1 3002
203 1 3002
204 1 3002
205 1 3002
206 1 3002
207 1 3002
208 1 3002
209 1 3002
210 1 3002
211 1 3002
212 1 3002
213 1 3002
214 1 3002
215 1 3002
216 1 3002
217 1 3002
218 1 3002
219 1 3002
220 1 3002
221 1 3002
222 1 3002
223 1 3002
224 1 3002
225 1 3002
226 1 3002
227 1 3002
228 1 3002
229 1 3002
230 1 3002
231 1 3002
232 1 3002
233 1 3002
234 1 3002
235 1 3002
236 1 3002
237 1 3002
238 1 3002
239 1 3002
240 1 3002
241 1 3002
242 1 3002
243 1 3002
244 1 3002
245 1 3002
246 1 3002
247 1 3002
248 1 3002
249 1 3002
250 1 3002
251 1 3002
252 1 3002
253 1 3002
254 1 3002
255 1 3002
256 1 3002
257 1 3002
258 1 3002
259 1 3002
260 1 3002
261 1 3002
262 1 3002
263 1 3002
264 1 3002
265 1 3002
266 1 3002
267 1 3002
268 1 3002
269 1 3002
270 1 3002
271 1 3002
272 1 3002
273 1 3002
274 1 3002
275 1 3002
276 1 3002
277 1 3002
278 1 3002
279 1 3002
280 1 3002
281 1 3002
282 1 3002
283 1 3002
284 1 3002
285 1 3002
286 1 3002
287 1 3002
288 1 3002
289 1 3002
290 1 3002
291 1 3002
292 1 3002
293 1 3002
294 1 3002
295 1 3002
296 1 3002
297 1 3002
298 1 3002
299 1 3002
300 1 3002
301 1 3002
302 1 3002
303 1 3002
304 1 3002
305 1 3002
306 1 3002
307 1 3002
308 1 3002
309 1 3002
310 1 3002
311 1 3002
312 1 3002
313 1 3002
314 1 3002
315 1 3002
316 1 3002
317 1 3002
318 1 3002
319 1 3002
320 1 3002
321 1 3002
322 1 3002
323 1 3002
324 1 3002
325 1 3002
326 1 3002
327 1 3002
328 1 3002
329 1 3002
330 1 3002
331 1 3002
332 1 3002
333 1 3002
334 1 3002
335 1 3002
336 1 3002
337 1 3002
338 1 3002
339 1 3002
340 1 3002
341 1 3002
342 1 3002
343 1 3002
344 1 3002
345 1 3002
346 1 3002
347 1 3002
348 1 3002
349 1 3002
350 1 3002
351 1 3002
352 1 3002
353 1 3002
354 1 3002
355 1 3002
356 1 3002
357 1 3002
358 1 3002
359 1 3002
360 1 3002
361 1 3002
362 1 3002
363 1 3002
364 1 3002
365 1 3002
366 1 3002
367 1 3002
368 1 3002
369 1 3002
370 1 3002
371 1 3002
372 1 3002
373 1 3002
374 1 3002
375 1 3002
376 1 3002
377 1 3002
378 1 3002
379 1 3002
380 1 3002
381 1 3002
382 1 3002
383 1 3002
384 1 3002
385 1 3002
386 1 3002
387 1 3002
388 1 3002
389 1 3002
390 1 3002
391 1 3002
392 1 3002
393 1 3002
394 1 3002
395 1 3002
396 1 3002
397 1 3002
398 1 3002
399 1 3002
400 1 3002
401 1 3002
402 1 3002
403 1 3002
404 1 3002
405 1 3002
406 1 3002
407 1 3002
408 1 3002
409 1 3002
410 1 3002
411 1 3002
412 1 3002
413 1 3002
414 1 3002
415 1 3002
416 1 3002
417 1 3002
418 1 3002
419 1 3002
420 1 3002
421 1 3002
422 1 3002
423 1 3002
424 1 3002
425 1 3002
426 1 3002
427 1 3002
428 1 3002
429 1 3002
430 1 3002
431 1 3002
432 1 3002
433 1 3002
434 1 3002
435 1 3002
436 1 3002
437 1 3002
438 1 3002
439 1 3002
440 1 3002
441 1 3002
442 1 3002
443 1 3002
444 1 3002
445 1 3002
446 1 3002
447 1 3002
448 1 3002
449 1 3002
450 1 3002
451 1 3002
452 1 3002
453 1 3002
454 1 3002
455 1 3002
456 1 3002
457 1 3002
458 1 3002
459 1 3002
460 1 3002
461 1 3002
462 1 3002
463 1 3002
464 1 3002
465 1 3002
466 1 3002
467 1 3002
468 1 3002
469 1 3002
470 1 3002
471 1 3002
472 1 3002
473 1 3002
474 1 3002
475 1 3002
476 1 3002
477 1 3002
478 1 3002
479 1 3002
480 1 3002
481 1 3002
482 1 3002
483 1 3002
484 1 3002
485 1 3002
486 1 3002
487 1 3002
488 1 3002
489 1 3002
490 1 3002
491 1 3002
492 1 3002
493 1 3002
494 1 3002
495 1 3002
496 1 3002
497 1 3002
498 1 3002
499 1 3002
500 1 3002
501 1 3002
502 1 3002
503 1 3002
504 1 3002
505 1 3002
506 1 3002
507 1 3002
508 1 3002
509 1 3002
510 1 3002
511 1 3002
512 1 3002
513 1 3002
514 1 3002
515 1 3002
516 1 3002
517 1 3002
518 1 3002
519 1 3002
520 1 3002
521 1 3002
522 1 3002
523 1 3002
524 1 3002
525 1 3002
526 1 3002
527 1 3002
528 1 3002
529 1 3002
530 1 3002
531 1 3002
532 1 3002
533 1 3002
534 1 3002
535 1 3002
536 1 3002
537 1 3002
538 1 3002
539 1 3002
540 1 3002
541 1 3002
542 1 3002
543 1 3002
544 1 3002
545 1 3002
546 1 3002
547 1 3002
548 1 3002
549 1 3002
550 1 3002
551 1 3002
552 1 3002
553 1 3002
554 1 3002
555 1 3002
556 1 3002
557 1 3002
558 1 3002
559 1 3002
560 1 3002
561 1 3002
562 1 3002
563 1 3002
564 1 3002
565 1 3002
566 1 3002
567 1 3002
568 1 3002
569 1 3002
570 1 3002
571 1 3002
572 1 3002
573 1 3002
574 1 3002
575 1 3002
576 1 3002
577 1 3002
578 1 3002
579 1 3002
580 1 3002
581 1 3002
582 1 3002
583 1 3002
584 1 3002
585 1 3002
586 1 3002
587 1 3002
588 1 3002
589 1 3002
590 1 3002
591 1 3002
592 1 3002
593 1 3002
594 1 3002
595 1 3002
596 1 3002
597 1 3002
598 1 3002
599 1 3002
600 1 3002
601 1 3002
602 1 3002
603 1 3002
604 1 3002
605 1 3002
606 1 3002
607 1 3002
608 1 3002
609 1 3002
610 1 3002
611 1 3002
612 1 3002
613 1 3002
614 1 3002
615 1 3002
616 1 3002
617 1 3002
618 1 3002
619 1 3002
620 1 3002
621 1 3002
622 1 3002
623 1 3002
624 1 3002
625 1 3002
626 1 3002
627 1 3002
628 1 3002
629 1 3002
630 1 3002
631 1 3002
632 1 3002
633 1 3002
634 1 3002
635 1 3002
636 1 3002
637 1 3002
638 1 3002
639 1 3002
640 1 3002
641 1 3002
642 1 3002
643 1 3002
644 1 3002
645 1 3002
646 1 3002
647 1 3002
648 1 3002
649 1 3002
650 1 3002
651 1 3002
652 1 3002
653 1 3002
654 1 3002
655 1 3002
656 1 3002
657 1 3002
658 1 3002
659 1 3002
660 1 3002
661 1 3002
662 1 3002
663 1 3002
664 1 3002
665 1 3002
666 1 3002
667 1 3002
668 1 3002
669 1 3002
670 1 3002
671 1 3002
672 1 3002
673 1 3002
674 1 3002
675 1 3002
676 1 3002
677 1 3002
678 1 3002
679 1 3002
680 1 3002
681 1 3002
682 1 3002
683 1 3002
684 1 3002
685 1 3002
686 1 3002
687 1 3002
688 1 3002
689 1 3002
690 1 3002
691 1 3002
692 1 3002
693 1 3002
694 1 3002
695 1 3002
696 1 3002
697 1 3002
698 1 3002
699 1 3002
700 1 3002
701 1 3002
702 1 3002
703 1 3002
704 1 3002
705 1 3002
706 1 3002
707 1 3002
708 1 3002
709 1 3002
710 1 3002
711 1 3002
712 1 3002
713 1 3002
714 1 3002
715 1 3002
716 1 3002
717 1 3002
718 1 3002
719 1 3002
720 1 3002
721 1 3002
722 1 3002
723 1 3002
724 1 3002
725 1 3002
726 1 3002
727 1 3002
728 1 3002
729 1 3002
730 1 3002
731 1 3002
732 1 3002
733 1 3002
734 1 3002
735 1 3002
736 1 3002
737 1 3002
738 1 3002
739 1 3002
740 1 3002
741 1 3002
742 1 3002
743 1 3002
744 1 3002
745 1 3002
746 1 3002
747 1 3002
748 1 3002
749 1 3002
750 1 3002
751 1 3002
752 1 3002
753 1 3002
754 1 3002
755 1 3002
756 1 3002
757 1 3002
758 1 3002
759 1 3002
760 1 3002
761 1 3002
762 1 3002
763 1 3002
764 1 3002
765 1 3002
766 1 3002
767 1 3002
768 1 3002
769 1 3002
770 1 3002
771 1 3002
772 1 3002
773 1 3002
774 1 3002
775 1 3002
776 1 3002
777 1 3002
778 1 3002
779 1 3002
780 1 3002
781 1 3002
782 1 3002
783 1 3002
784 1 3002
785 1 3002
786 1 3002
787 1 3002
788 1 3002
789 1 3002
790 1 3002
791 1 3002
792 1 3002
793 1 3002
794 1 3002
795 1 3002
796 1 3002
797 1 3002
798 1 3002
799 1 3002
800 1 3002
801 1 3002
802 1 3002
803 1 3002
804 1 3002
805 1 3002
806 1 3002
807 1 3002
808 1 3002
809 1 3002
810 1 3002
811 1 3002
812 1 3002
813 1 3002
814 1 3002
815 1 3002
816 1 3002
817 1 3002
818 1 3002
819 1 3002
820 1 3002
821 1 3002
822 1 3002
823 1 3002
824 1 3002
825 1 3002
826 1 3002
827 1 3002
828 1 3002
829 1 3002
830 1 3002
831 1 3002
832 1 3002
833 1 3002
834 1 3002
835 1 3002
836 1 3002
837 1 3002
838 1 3002
839 1 3002
840 1 3002
841 1 3002
842 1 3002
843 1 3002
844 1 3002
845 1 3002
846 1 3002
847 1 3002
848 1 3002
849 1 3002
850 1 3002
851 1 3002
852 1 3002
853 1 3002
854 1 3002
855 1 3002
856 1 3002
857 1 3002
858 1 3002
859 1 3002
860 1 3002
861 1 3002
862 1 3002
863 1 3002
864 1 3002
865 1 3002
866 1 3002
867 1 3002
868 1 3002
869 1 3002
870 1 3002
871 1 3002
872 1 3002
873 1 3002
874 1 3002
875 1 3002
876 1 3002
877 1 3002
878 1 3002
879 1 3002
880 1 3002
881 1 3002
882 1 3002
883 1 3002
884 1 3002
885 1 3002
886 1 3002
887 1 3002
888 1 3002
889 1 3002
890 1 3002
891 1 3002
892 1 3002
893 1 3002
894 1 3002
895 1 3002
896 1 3002
897 1 3002
898 1 3002
899 1 3002
900 1 3002
901 1 3002
902 1 3002
903 1 3002
904 1 3002
905 1 3002
906 1 3002
907 1 3002
908 1 3002
909 1 3002
910 1 3002
911 1 3002
912 1 3002
913 1 3002
914 1 3002
915 1 3002
916 1 3002
917 1 3002
918 1 3002
919 1 3002
920 1 3002
921 1 3002
922 1 3002
923 1 3002
924 1 3002
925 1 3002
926 1 3002
927 1 3002
928 1 3002
929 1 3002
930 1 3002
931 1 3002
932 1 3002
933 1 3002
934 1 3002
935 1 3002
936 1 3002
937 1 3002
938 1 3002
939 1 3002
940 1 3002
941 1 3002
942 1 3002
943 1 3002
944 1 3002
945 1 3002
946 1 3002
947 1 3002
948 1 3002
949 1 3002
950 1 3002
951 1 3002
952 1 3002
953 1 3002
954 1 3002
955 1 3002
956 1 3002
957 1 3002
958 1 3002
959 1 3002
960 1 3002
961 1 3002
962 1 3002
963 1 3002
964 1 3002
965 1 3002
966 1 3002
967 1 3002
968 1 3002
969 1 3002
970 1 3002
971 1 3002
972 1 3002
973 1 3002
974 1 3002
975 1 3002
976 1 3002
977 1 3002
978 1 3002
979 1 3002
980 1 3002
981 1 3002
982 1 3002
983 1 3002
984 1 3002
985 1 3002
986 1 3002
987 1 3002
988 1 3002
989 1 3002
990 1 3002
991 1 3002
992 1 3002
993 1 3002
994 1 3002
995 1 3002
996 1 3002
997 1 3002
998 1 3002
999 1 3002
1000 1 3002
1001 1 3002
1002 1 3002
1003 1 3002
1004 1 3002
1005 1 3002
1006 1 3002
1007 1 3002
1008 1 3002
1009 1 3002
1010 1 3002
1011 1 3002
1012 1 3002
1013 1 3002
1014 1 3002
1015 1 3002
1016 1 3002
1017 1 3002
1018 1 3002
1019 1 3002
1020 1 3002
1021 1 3002
1022 1 3002
1023 1 3002
1024 1 3002
1025 1 3002
1026 1 3002
1027 1 3002
1028 1 3002
1029 1 3002
1030 1 3002
1031 1 3002
1032 1 3002
1033 1 3002
1034 1 3002
1035 1 3002
1036 1 3002
1037 1 3002
1038 1 3002
1039 1 3002
1040 1 3002
1041 1 3002
1042 1 3002
1043 1 3002
1044 1 3002
1045 1 3002
1046 1 3002
1047 1 3002
1048 1 3002
1049 1 3002
1050 1 3002
1051 1 3002
1052 1 3002
1053 1 3002
1054 1 3002
1055 1 3002
1056 1 3002
1057 1 3002
1058 1 3002
1059 1 3002
1060 1 3002
1061 1 3002
1062 1 3002
1063 1 3002
1064 1 3002
1065 1 3002
1066 1 3002
1067 1 3002
1068 1 3002
1069 1 3002
1070 1 3002
1071 1 3002
1072 1 3002
1073 1 3002
1074 1 3002
1075 1 3002
1076 1 3002
1077 1 3002
1078 1 3002
1079 1 3002
1080 1 3002
1081 1 3002
1082 1 3002
1083 1 3002
1084 1 3002
1085 1 3002
1086 1 3002
1087 1 3002
1088 1 3002
1089 1 3002
1090 1 3002
1091 1 3002
1092 1 3002
1093 1 3002
1094 1 3002
1095 1 3002
1096 1 3002
1097 1 3002
1098 1 3002
1099 1 3002
1100 1 3002
1101 1 3002
1102 1 3002
1103 1 3002
1104 1 3002
1105 1 3002
1106 1 3002
1107 1 3002
1108 1 3002
1109 1 3002
1110 1 3002
1111 1 3002
1112 1 3002
1113 1 3002
1114 1 3002
1115 1 3002
1116 1 3002
1117 1 3002
1118 1 3002
1119 1 3002
1120 1 3002
1121 1 3002
1122 1 3002
1123 1 3002
1124 1 3002
1125 1 3002
1126 1 3002
1127 1 3002
1128 1 3002
1129 1 3002
1130 1 3002
1131 1 3002
1132 1 3002
1133 1 3002
1134 1 3002
1135 1 3002
1136 1 3002
1137 1 3002
1138 1 3002
1139 1 3002
1140 1 3002
1141 1 3002
1142 1 3002
1143 1 3002
1144 1 3002
1145 1 3002
1146 1 3002
1147 1 3002
1148 1 3002
1149 1 3002
1150 1 3002
1151 1 3002
1152 1 3002
1153 1 3002
1154 1 3002
1155 1 3002
1156 1 3002
1157 1 3002
1158 1 3002
1159 1 3002
1160 1 3002
1161 1 3002
1162 1 3002
1163 1 3002
1164 1 3002
1165 1 3002
1166 1 3002
1167 1 3002
1168 1 3002
1169 1 3002
1170 1 3002
1171 1 3002
1172 1 3002
1173 1 3002
1174 1 3002
1175 1 3002
1176 1 3002
1177 1 3002
1178 1 3002
1179 1 3002
1180 1 3002
1181 1 3002
1182 1 3002
1183 1 3002
1184 1 3002
1185 1 3002
1186 1 3002
1187 1 3002
1188 1 3002
1189 1 3002
1190 1 3002
1191 1 3002
1192 1 3002
1193 1 3002
1194 1 3002
1195 1 3002
1196 1 3002
1197 1 3002
1198 1 3002
1199 1 3002
1200 1 3002
1201 1 3002
1202 1 3002
1203 1 3002
1204 1 3002
1205 1 3002
1206 1 3002
1207 1 3002
1208 1 3002
1209 1 3002
1210 1 3002
1211 1 3002
1212 1 3002
1213 1 3002
1214 1 3002
1215 1 3002
1216 1 3002
1217 1 3002
1218 1 3002
1219 1 3002
1220 1 3002
1221 1 3002
1222 1 3002
1223 1 3002
1224 1 3002
1225 1 3002
1226 1 3002
1227 1 3002
1228 1 3002
1229 1 3002
1230 1 3002
1231 1 3002
1232 1 3002
1233 1 3002
1234 1 3002
1235 1 3002
1236 1 3002
1237 1 3002
1238 1 3002
1239 1 3002
1240 1 3002
1241 1 3002
1242 1 3002
1243 1 3002
1244 1 3002
1245 1 3002
1246 1 3002
1247 1 3002
1248 1 3002
1249 1 3002
1250 1 3002
1251 1 3002
1252 1 3002
1253 1 3002
1254 1 3002
1255 1 3002
1256 1 3002
1257 1 3002
1258 1 3002
1259 1 3002
1260 1 3002
1261 1 3002
1262 1 3002
1263 1 3002
1264 1 3002
1265 1 3002
1266 1 3002
1267 1 3002
1268 1 3002
1269 1 3002
1270 1 3002
1271 1 3002
1272 1 3002
1273 1 3002
1274 1 3002
1275 1 3002
1276 1 3002
1277 1 3002
1278 1 3002
1279 1 3002
1280 1 3002
1281 1 3002
1282 1 3002
1283 1 3002
1284 1 3002
1285 1 3002
1286 1 3002
1287 1 3002
1288 1 3002
1289 1 3002
1290 1 3002
1291 1 3002
1292 1 3002
1293 1 3002
1294 1 3002
1295 1 3002
1296 1 3002
1297 1 3002
1298 1 3002
1299 1 3002
1300 1 3002
1301 1 3002
1302 1 3002
1303 1 3002
1304 1 3002
1305 1 3002
1306 1 3002
1307 1 3002
1308 1 3002
1309 1 3002
1310 1 3002
1311 1 3002
1312 1 3002
1313 1 3002
1314 1 3002
1315 1 3002
1316 1 3002
1317 1 3002
1318 1 3002
1319 1 3002
1320 1 3002
1321 1 3002
1322 1 3002
1323 1 3002
1324 1 3002
1325 1 3002
1326 1 3002
1327 1 3002
1328 1 3002
1329 1 3002
1330 1 3002
1331 1 3002
1332 1 3002
1333 1 3002
1334 1 3002
1335 1 3002
1336 1 3002
1337 1 3002
1338 1 3002
1339 1 3002
1340 1 3002
1341 1 3002
1342 1 3002
1343 1 3002
1344 1 3002
1345 1 3002
1346 1 3002
1347 1 3002
1348 1 3002
1349 1 3002
1350 1 3002
1351 1 3002
1352 1 3002
1353 1 3002
1354 1 3002
1355 1 3002
1356 1 3002
1357 1 3002
1358 1 3002
1359 1 3002
1360 1 3002
1361 1 3002
1362 1 3002
1363 1 3002
1364 1 3002
1365 1 3002
1366 1 3002
1367 1 3002
1368 1 3002
1369 1 3002
1370 1 3002
1371 1 3002
1372 1 3002
1373 1 3002
1374 1 3002
1375 1 3002
1376 1 3002
1377 1 3002
1378 1 3002
1379 1 3002
1380 1 3002
1381 1 3002
1382 1 3002
1383 1 3002
1384 1 3002
1385 1 3002
1386 1 3002
1387 1 3002
1388 1 3002
1389 1 3002
1390 1 3002
1391 1 3002
1392 1 3002
1393 1 3002
1394 1 3002
1395 1 3002
1396 1 3002
1397 1 3002
1398 1 3002
1399 1 3002
1400 1 3002
1401 1 3002
1402 1 3002
1403 1 3002
1404 1 3002
1405 1 3002
1406 1 3002
1407 1 3002
1408 1 3002
1409 1 3002
1410 1 3002
1411 1 3002
1412 1 3002
1413 1 3002
1414 1 3002
1415 1 3002
1416 1 3002
1417 1 3002
1418 1 3002
1419 1 3002
1420 1 3002
1421 1 3002
1422 1 3002
1423 1 3002
1424 1 3002
1425 1 3002
1426 1 3002
1427 1 3002
1428 1 3002
1429 1 3002
1430 1 3002
1431 1 3002
1432 1 3002
1433 1 3002
1434 1 3002
1435 1 3002
1436 1 3002
1437 1 3002
1438 1 3002
1439 1 3002
1440 1 3002
1441 1 3002
1442 1 3002
1443 1 3002
1444 1 3002
1445 1 3002
1446 1 3002
1447 1 3002
1448 1 3002
1449 1 3002
1450 1 3002
1451 1 3002
1452 1 3002
1453 1 3002
1454 1 3002
1455 1 3002
1456 1 3002
1457 1 3002
1458 1 3002
1459 1 3002
1460 1 3002
1461 1 3002
1462 1 3002
1463 1 3002
1464 1 3002
1465 1 3002
1466 1 3002
1467 1 3002
1468 1 3002
1469 1 3002
1470 1 3002
1471 1 3002
1472 1 3002
1473 1 3002
1474 1 3002
1475 1 3002
1476 1 3002
1477 1 3002
1478 1 3002
1479 1 3002
1480 1 3002
1481 1 3002
1482 1 3002
1483 1 3002
1484 1 3002
1485 1 3002
1486 1 3002
1487 1 3002
1488 1 3002
1489 1 3002
1490 1 3002
1491 1 3002
1492 1 3002
1493 1 3002
1494 1 3002
1495 1 3002
1496 1 3002
1497 1 3002
1498 1 3002
1499 1 3002
1500 1 3002
1501 1 3002
1502 1 3002
1503 1 3002
1504 1 3002
1505 1 3002
1506 1 3002
1507 1 3002
1508 1 3002
1509 1 3002
1510 1 3002
1511 1 3002
1512 1 3002
1513 1 3002
1514 1 3002
1515 1 3002
1516 1 3002
1517 1 3002
1518 1 3002
1519 1 3002
1520 1 3002
1521 1 3002
1522 1 3002
1523 1 3002
1524 1 3002
1525 1 3002
1526 1 3002
1527 1 3002
1528 1 3002
1529 1 3002
1530 1 3002
1531 1 3002
1532 1 3002
1533 1 3002
1534 1 3002
1535 1 3002
1536 1 3002
1537 1 3002
1538 1 3002
1539 1 3002
1540 1 3002
1541 1 3002
1542 1 3002
1543 1 3002
1544 1 3002
1545 1 3002
1546 1 3002
1547 1 3002
1548 1 3002
1549 1 3002
1550 1 3002
1551 1 3002
1552 1 3002
1553 1 3002
1554 1 3002
1555 1 3002
1556 1 3002
1557 1 3002
1558 1 3002
1559 1 3002
1560 1 3002
1561 1 3002
1562 1 3002
1563 1 3002
1564 1 3002
1565 1 3002
1566 1 3002
1567 1 3002
1568 1 3002
1569 1 3002
1570 1 3002
1571 1 3002
1572 1 3002
1573 1 3002
1574 1 3002
1575 1 3002
1576 1 3002
1577 1 3002
1578 1 3002
1579 1 3002
1580 1 3002
1581 1 3002
1582 1 3002
1583 1 3002
1584 1 3002
1585 1 3002
1586 1 3002
1587 1 3002
1588 1 3002
1589 1 3002
1590 1 3002
1591 1 3002
1592 1 3002
1593 1 3002
1594 1 3002
1595 1 3002
1596 1 3002
1597 1 3002
1598 1 3002
1599 1 3002
1600 1 3002
1601 1 3002
1602 1 3002
1603 1 3002
1604 1 3002
1605 1 3002
1606 1 3002
1607 1 3002
1608 1 3002
1609 1 3002
1610 1 3002
1611 1 3002
1612 1 3002
1613 1 3002
1614 1 3002
1615 1 3002
1616 1 3002
1617 1 3002
1618 1 3002
1619 1 3002
1620 1 3002
1621 1 3002
1622 1 3002
1623 1 3002
1624 1 3002
1625 1 3002
1626 1 3002
1627 1 3002
1628 1 3002
1629 1 3002
1630 1 3002
1631 1 3002
1632 1 3002
1633 1 3002
1634 1 3002
1635 1 3002
1636 1 3002
1637 1 3002
1638 1 3002
1639 1 3002
1640 1 3002
1641 1 3002
1642 1 3002
1643 1 3002
1644 1 3002
1645 1 3002
1646 1 3002
1647 1 3002
1648 1 3002
1649 1 3002
1650 1 3002
1651 1 3002
1652 1 3002
1653 1 3002
1654 1 3002
1655 1 3002
1656 1 3002
1657 1 3002
1658 1 3002
1659 1 3002
1660 1 3002
1661 1 3002
1662 1 3002
1663 1 3002
1664 1 3002
1665 1 3002
1666 1 3002
1667 1 3002
1668 1 3002
1669 1 3002
1670 1 3002
1671 1 3002
1672 1 3002
1673 1 3002
1674 1 3002
1675 1 3002
1676 1 3002
1677 1 3002
1678 1 3002
1679 1 3002
1680 1 3002
1681 1 3002
1682 1 3002
1683 1 3002
1684 1 3002
1685 1 3002
1686 1 3002
1687 1 3002
1688 1 3002
1689 1 3002
1690 1 3002
1691 1 3002
1692 1 3002
1693 1 3002
1694 1 3002
1695 1 3002
1696 1 3002
1697 1 3002
1698 1 3002
1699 1 3002
1700 1 3002
1701 1 3002
1702 1 3002
1703 1 3002
1704 1 3002
1705 1 3002
1706 1 3002
1707 1 3002
1708 1 3002
1709 1 3002
1710 1 3002
1711 1 3002
1712 1 3002
1713 1 3002
1714 1 3002
1715 1 3002
1716 1 3002
1717 1 3002
1718 1 3002
1719 1 3002
1720 1 3002
1721 1 3002
1722 1 3002
1723 1 3002
1724 1 3002
1725 1 3002
1726 1 3002
1727 1 3002
1728 1 3002
1729 1 3002
1730 1 3002
1731 1 3002
1732 1 3002
1733 1 3002
1734 1 3002
1735 1 3002
1736 1 3002
1737 1 3002
1738 1 3002
1739 1 3002
1740 1 3002
1741 1 3002
1742 1 3002
1743 1 3002
1744 1 3002
1745 1 3002
1746 1 3002
1747 1 3002
1748 1 3002
1749 1 3002
1750 1 3002
1751 1 3002
1752 1 3002
1753 1 3002
1754 1 3002
1755 1 3002
1756 1 3002
1757 1 3002
1758 1 3002
1759 1 3002
1760 1 3002
1761 1 3002
1762 1 3002
1763 1 3002
1764 1 3002
1765 1 3002
1766 1 3002
1767 1 3002
1768 1 3002
1769 1 3002
1770 1 3002
1771 1 3002
1772 1 3002
1773 1 3002
1774 1 3002
1775 1 3002
1776 1 3002
1777 1 3002
1778 1 3002
1779 1 3002
1780 1 3002
1781 1 3002
1782 1 3002
1783 1 3002
1784 1 3002
1785 1 3002
1786 1 3002
1787 1 3002
1788 1 3002
1789 1 3002
1790 1 3002
1791 1 3002
1792 1 3002
1793 1 3002
1794 1 3002
1795 1 3002
1796 1 3002
1797 1 3002
1798 1 3002
1799 1 3002
1800 1 3002
1801 1 3002
1802 1 3002
1803 1 3002
1804 1 3002
1805 1 3002
1806 1 3002
1807 1 3002
1808 1 3002
1809 1 3002
1810 1 3002
1811 1 3002
1812 1 3002
1813 1 3002
1814 1 3002
1815 1 3002
1816 1 3002
1817 1 3002
1818 1 3002
1819 1 3002
1820 1 3002
1821 1 3002
1822 1 3002
1823 1 3002
1824 1 3002
1825 1 3002
1826 1 3002
1827 1 3002
1828 1 3002
1829 1 3002
1830 1 3002
1831 1 3002
1832 1 3002
1833 1 3002
1834 1 3002
1835 1 3002
1836 1 3002
1837 1 3002
1838 1 3002
1839 1 3002
1840 1 3002
1841 1 3002
1842 1 3002
1843 1 3002
1844 1 3002
1845 1 3002
1846 1 3002
1847 1 3002
1848 1 3002
1849 1 3002
1850 1 3002
1851 1 3002
1852 1 3002
1853 1 3002
1854 1 3002
1855 1 3002
1856 1 3002
1857 1 3002
1858 1 3002
1859 1 3002
1860 1 3002
1861 1 3002
1862 1 3002
1863 1 3002
1864 1 3002
1865 1 3002
1866 1 3002
1867 1 3002
1868 1 3002
1869 1 3002
1870 1 3002
1871 1 3002
1872 1 3002
1873 1 3002
1874 1 3002
1875 1 3002
1876 1 3002
1877 1 3002
1878 1 3002
1879 1 3002
1880 1 3002
1881 1 3002
1882 1 3002
1883 1 3002
1884 1 3002
1885 1 3002
1886 1 3002
1887 1 3002
1888 1 3002
1889 1 3002
1890 1 3002
1891 1 3002
1892 1 3002
1893 1 3002
1894 1 3002
1895 1 3002
1896 1 3002
1897 1 3002
1898 1 3002
1899 1 3002
1900 1 3002
1901 1 3002
1902 1 3002
1903 1 3002
1904 1 3002
1905 1 3002
1906 1 3002
1907 1 3002
1908 1 3002
1909 1 3002
1910 1 3002
1911 1 3002
1912 1 3002
1913 1 3002
1914 1 3002
1915 1 3002
1916 1 3002
1917 1 3002
1918 1 3002
1919 1 3002
1920 1 3002
1921 1 3002
1922 1 3002
1923 1 3002
1924 1 3002
1925 1 3002
1926 1 3002
1927 1 3002
1928 1 3002
1929 1 3002
1930 1 3002
1931 1 3002
1932 1 3002
1933 1 3002
1934 1 3002
1935 1 3002
1936 1 3002
1937 1 3002
1938 1 3002
1939 1 3002
1940 1 3002
1941 1 3002
1942 1 3002
1943 1 3002
1944 1 3002
1945 1 3002
1946 1 3002
1947 1 3002
1948 1 3002
1949 1 3002
1950 1 3002
1951 1 3002
1952 1 3002
1953 1 3002
1954 1 3002
1955 1 3002
1956 1 3002
1957 1 3002
1958 1 3002
1959 1 3002
1960 1 3002
1961 1 3002
1962 1 3002
1963 1 3002
1964 1 3002
1965 1 3002
1966 1 3002
1967 1 3002
1968 1 3002
1969 1 3002
1970 1 3002
1971 1 3002
1972 1 3002
1973 1 3002
1974 1 3002
1975 1 3002
1976 1 3002
1977 1 3002
1978 1 3002
1979 1 3002
1980 1 3002
1981 1 3002
1982 1 3002
1983 1 3002
1984 1 3002
1985 1 3002
1986 1 3002
1987 1 3002
1988 1 3002
1989 1 3002
1990 1 3002
1991 1 3002
1992 1 3002
1993 1 3002
1994 1 3002
1995 1 3002
1996 1 3002
1997 1 3002
1998 1 3002
1999 1 3002
2000 1 3002
2001 1 3002
2002 1 3002
2003 1 3002
2004 1 3002
2005 1 3002
2006 1 3002
2007 1 3002
2008 1 3002
2009 1 3002
2010 1 3002
2011 1 3002
2012 1 3002
2013 1 3002
2014 1 3002
2015 1 3002
2016 1 3002
2017 1 3002
2018 1 3002
2019 1 3002
2020 1 3002
2021 1 3002
2022 1 3002
2023 1 3002
2024 1 3002
2025 1 3002
2026 1 3002
2027 1 3002
2028 1 3002
2029 1 3002
2030 1 3002
2031 1 3002
2032 1 3002
2033 1 3002
2034 1 3002
2035 1 3002
2036 1 3002
2037 1 3002
2038 1 3002
2039 1 3002
2040 1 3002
2041 1 3002
2042 1 3002
2043 1 3002
2044 1 3002
2045 1 3002
2046 1 3002
2047 1 3002
2048 1 3002
2049 1 3002
2050 1 3002
2051 1 3002
2052 1 3002
2053 1 3002
2054 1 3002
2055 1 3002
2056 1 3002
2057 1 3002
2058 1 3002
2059 1 3002
2060 1 3002
2061 1 3002
2062 1 3002
2063 1 3002
2064 1 3002
2065 1 3002
2066 1 3002
2067 1 3002
2068 1 3002
2069 1 3002
2070 1 3002
2071 1 3002
2072 1 3002
2073 1 3002
2074 1 3002
2075 1 3002
2076 1 3002
2077 1 3002
2078 1 3002
2079 1 3002
2080 1 3002
2081 1 3002
2082 1 3002
2083 1 3002
2084 1 3002
2085 1 3002
2086 1 3002
2087 1 3002
2088 1 3002
2089 1 3002
2090 1 3002
2091 1 3002
2092 1 3002
2093 1 3002
2094 1 3002
2095 1 3002
2096 1 3002
2097 1 3002
2098 1 3002
2099 1 3002
2100 1 3002
2101 1 3002
2102 1 3002
2103 1 3002
2104 1 3002
2105 1 3002
2106 1 3002
2107 1 3002
2108 1 3002
2109 1 3002
2110 1 3002
2111 1 3002
2112 1 3002
2113 1 3002
2114 1 3002
2115 1 3002
2116 1 3002
2117 1 3002
2118 1 3002
2119 1 3002
2120 1 3002
2121 1 3002
2122 1 3002
2123 1 3002
2124 1 3002
2125 1 3002
2126 1 3002
2127 1 3002
2128 1 3002
2129 1 3002
2130 1 3002
2131 1 3002
2132 1 3002
2133 1 3002
2134 1 3002
2135 1 3002
2136 1 3002
2137 1 3002
2138 1 3002
2139 1 3002
2140 1 3002
2141 1 3002
2142 1 3002
2143 1 3002
2144 1 3002
2145 1 3002
2146 1 3002
2147 1 3002
2148 1 3002
2149 1 3002
2150 1 3002
2151 1 3002
2152 1 3002
2153 1 3002
2154 1 3002
2155 1 3002
2156 1 3002
2157 1 3002
2158 1 3002
2159 1 3002
2160 1 3002
2161 1 3002
2162 1 3002
2163 1 3002
2164 1 3002
2165 1 3002
2166 1 3002
2167 1 3002
2168 1 3002
2169 1 3002
2170 1 3002
2171 1 3002
2172 1 3002
2173 1 3002
2174 1 3002
2175 1 3002
2176 1 3002
2177 1 3002
2178 1 3002
2179 1 3002
2180 1 3002
2181 1 3002
2182 1 3002
2183 1 3002
2184 1 3002
2185 1 3002
2186 1 3002
2187 1 3002
2188 1 3002
2189 1 3002
2190 1 3002
2191 1 3002
2192 1 3002
2193 1 3002
2194 1 3002
2195 1 3002
2196 1 3002
2197 1 3002
2198 1 3002
2199 1 3002
2200 1 3002
2201 1 3002
2202 1 3002
2203 1 3002
2204 1 3002
2205 1 3002
2206 1 3002
2207 1 3002
2208 1 3002
2209 1 3002
2210 1 3002
2211 1 3002
2212 1 3002
2213 1 3002
2214 1 3002
2215 1 3002
2216 1 3002
2217 1 3002
2218 1 3002
2219 1 3002
2220 1 3002
2221 1 3002
2222 1 3002
2223 1 3002
2224 1 3002
2225 1 3002
2226 1 3002
2227 1 3002
2228 1 3002
2229 1 3002
2230 1 3002
2231 1 3002
2232 1 3002
2233 1 3002
2234 1 3002
2235 1 3002
2236 1 3002
2237 1 3002
2238 1 3002
2239 1 3002
2240 1 3002
2241 1 3002
2242 1 3002
2243 1 3002
2244 1 3002
2245 1 3002
2246 1 3002
2247 1 3002
2248 1 3002
2249 1 3002
2250 1 3002
2251 1 3002
2252 1 3002
2253 1 3002
2254 1 3002
2255 1 3002
2256 1 3002
2257 1 3002
2258 1 3002
2259 1 3002
2260 1 3002
2261 1 3002
2262 1 3002
2263 1 3002
2264 1 3002
2265 1 3002
2266 1 3002
2267 1 3002
2268 1 3002
2269 1 3002
2270 1 3002
2271 1 3002
2272 1 3002
2273 1 3002
2274 1 3002
2275 1 3002
2276 1 3002
2277 1 3002
2278 1 3002
2279 1 3002
2280 1 3002
2281 1 3002
2282 1 3002
2283 1 3002
2284 1 3002
2285 1 3002
2286 1 3002
2287 1 3002
2288 1 3002
2289 1 3002
2290 1 3002
2291 1 3002
2292 1 3002
2293 1 3002
2294 1 3002
2295 1 3002
2296 1 3002
2297 1 3002
2298 1 3002
2299 1 3002
2300 1 3002
2301 1 3002
2302 1 3002
2303 1 3002
2304 1 3002
2305 1 3002
2306 1 3002
2307 1 3002
2308 1 3002
2309 1 3002
2310 1 3002
2311 1 3002
2312 1 3002
2313 1 3002
2314 1 3002
2315 1 3002
2316 1 3002
2317 1 3002
2318 1 3002
2319 1 3002
2320 1 3002
2321 1 3002
2322 1 3002
2323 1 3002
2324 1 3002
2325 1 3002
2326 1 3002
2327 1 3002
2328 1 3002
2329 1 3002
2330 1 3002
2331 1 3002
2332 1 3002
2333 1 3002
2334 1 3002
2335 1 3002
2336 1 3002
2337 1 3002
2338 1 3002
2339 1 3002
2340 1 3002
2341 1 3002
2342 1 3002
2343 1 3002
2344 1 3002
2345 1 3002
2346 1 3002
2347 1 3002
2348 1 3002
2349 1 3002
2350 1 3002
2351 1 3002
2352 1 3002
2353 1 3002
2354 1 3002
2355 1 3002
2356 1 3002
2357 1 3002
2358 1 3002
2359 1 3002
2360 1 3002
2361 1 3002
2362 1 3002
2363 1 3002
2364 1 3002
2365 1 3002
2366 1 3002
2367 1 3002
2368 1 3002
2369 1 3002
2370 1 3002
2371 1 3002
2372 1 3002
2373 1 3002
2374 1 3002
2375 1 3002
2376 1 3002
2377 1 3002
2378 1 3002
2379 1 3002
2380 1 3002
2381 1 3002
2382 1 3002
2383 1 3002
2384 1 3002
2385 1 3002
2386 1 3002
2387 1 3002
2388 1 3002
2389 1 3002
2390 1 3002
2391 1 3002
2392 1 3002
2393 1 3002
2394 1 3002
2395 1 3002
2396 1 3002
2397 1 3002
2398 1 3002
2399 1 3002
2400 1 3002
2401 1 3002
2402 1 3002
2403 1 3002
2404 1 3002
2405 1 3002
2406 1 3002
2407 1 3002
2408 1 3002
2409 1 3002
2410 1 3002
2411 1 3002
2412 1 3002
2413 1 3002
2414 1 3002
2415 1 3002
2416 1 3002
2417 1 3002
2418 1 3002
2419 1 3002
2420 1 3002
2421 1 3002
2422 1 3002
2423 1 3002
2424 1 3002
2425 1 3002
2426 1 3002
2427 1 3002
2428 1 3002
2429 1 3002
2430 1 3002
2431 1 3002
2432 1 3002
2433 1 3002
2434 1 3002
2435 1 3002
2436 1 3002
2437 1 3002
2438 1 3002
2439 1 3002
2440 1 3002
2441 1 3002
2442 1 3002
2443 1 3002
2444 1 3002
2445 1 3002
2446 1 3002
2447 1 3002
2448 1 3002
2449 1 3002
2450 1 3002
2451 1 3002
2452 1 3002
2453 1 3002
2454 1 3002
2455 1 3002
2456 1 3002
2457 1 3002
2458 1 3002
2459 1 3002
2460 1 3002
2461 1 3002
2462 1 3002
2463 1 3002
2464 1 3002
2465 1 3002
2466 1 3002
2467 1 3002
2468 1 3002
2469 1 3002
2470 1 3002
2471 1 3002
2472 1 3002
2473 1 3002
2474 1 3002
2475 1 3002
2476 1 3002
2477 1 3002
2478 1 3002
2479 1 3002
2480 1 3002
2481 1 3002
2482 1 3002
2483 1 3002
2484 1 3002
2485 1 3002
2486 1 3002
2487 1 3002
2488 1 3002
2489 1 3002
2490 1 3002
2491 1 3002
2492 1 3002
2493 1 3002
2494 1 3002
2495 1 3002
2496 1 3002
2497 1 3002
2498 1 3002
2499 1 3002
2500 1 3002
2501 1 3002
2502 1 3002
2503 1 3002
2504 1 3002
2505 1 3002
2506 1 3002
2507 1 3002
2508 1 3002
2509 1 3002
2510 1 3002
2511 1 3002
2512 1 3002
2513 1 3002
2514 1 3002
2515 1 3002
2516 1 3002
2517 1 3002
2518 1 3002
2519 1 3002
2520 1 3002
2521 1 3002
2522 1 3002
2523 1 3002
2524 1 3002
2525 1 3002
2526 1 3002
2527 1 3002
2528 1 3002
2529 1 3002
2530 1 3002
2531 1 3002
2532 1 3002
2533 1 3002
2534 1 3002
2535 1 3002
2536 1 3002
2537 1 3002
2538 1 3002
2539 1 3002
2540 1 3002
2541 1 3002
2542 1 3002
2543 1 3002
2544 1 3002
2545 1 3002
2546 1 3002
2547 1 3002
2548 1 3002
2549 1 3002
2550 1 3002
2551 1 3002
2552 1 3002
2553 1 3002
2554 1 3002
2555 1 3002
2556 1 3002
2557 1 3002
2558 1 3002
2559 1 3002
2560 1 3002
2561 1 3002
2562 1 3002
2563 1 3002
2564 1 3002
2565 1 3002
2566 1 3002
2567 1 3002
2568 1 3002
2569 1 3002
2570 1 3002
2571 1 3002
2572 1 3002
2573 1 3002
2574 1 3002
2575 1 3002
2576 1 3002
2577 1 3002
2578 1 3002
2579 1 3002
2580 1 3002
2581 1 3002
2582 1 3002
2583 1 3002
2584 1 3002
2585 1 3002
2586 1 3002
2587 1 3002
2588 1 3002
2589 1 3002
2590 1 3002
2591 1 3002
2592 1 3002
2593 1 3002
2594 1 3002
2595 1 3002
2596 1 3002
2597 1 3002
2598 1 3002
2599 1 3002
2600 1 3002
2601 1 3002
2602 1 3002
2603 1 3002
2604 1 3002
2605 1 3002
2606 1 3002
2607 1 3002
2608 1 3002
2609 1 3002
2610 1 3002
2611 1 3002
2612 1 3002
2613 1 3002
2614 1 3002
2615 1 3002
2616 1 3002
2617 1 3002
2618 1 3002
2619 1 3002
2620 1 3002
2621 1 3002
2622 1 3002
2623 1 3002
2624 1 3002
2625 1 3002
2626 1 3002
2627 1 3002
2628 1 3002
2629 1 3002
2630 1 3002
2631 1 3002
2632 1 3002
2633 1 3002
2634 1 3002
2635 1 3002
2636 1 3002
2637 1 3002
2638 1 3002
2639 1 3002
2640 1 3002
2641 1 3002
2642 1 3002
2643 1 3002
2644 1 3002
2645 1 3002
2646 1 3002
2647 1 3002
2648 1 3002
2649 1 3002
2650 1 3002
2651 1 3002
2652 1 3002
2653 1 3002
2654 1 3002
2655 1 3002
2656 1 3002
2657 1 3002
2658 1 3002
2659 1 3002
2660 1 3002
2661 1 3002
2662 1 3002
2663 1 3002
2664 1 3002
2665 1 3002
2666 1 3002
2667 1 3002
2668 1 3002
2669 1 3002
2670 1 3002
2671 1 3002
2672 1 3002
2673 1 3002
2674 1 3002
2675 1 3002
2676 1 3002
2677 1 3002
2678 1 3002
2679 1 3002
2680 1 3002
2681 1 3002
2682 1 3002
2683 1 3002
2684 1 3002
2685 1 3002
2686 1 3002
2687 1 3002
2688 1 3002
2689 1 3002
2690 1 3002
2691 1 3002
2692 1 3002
2693 1 3002
2694 1 3002
2695 1 3002
2696 1 3002
2697 1 3002
2698 1 3002
2699 1 3002
2700 1 3002
2701 1 3002
2702 1 3002
2703 1 3002
2704 1 3002
2705 1 3002
2706 1 3002
2707 1 3002
2708 1 3002
2709 1 3002
2710 1 3002
2711 1 3002
2712 1 3002
2713 1 3002
2714 1 3002
2715 1 3002
2716 1 3002
2717 1 3002
2718 1 3002
2719 1 3002
2720 1 3002
2721 1 3002
2722 1 3002
2723 1 3002
2724 1 3002
2725 1 3002
2726 1 3002
2727 1 3002
2728 1 3002
2729 1 3002
2730 1 3002
2731 1 3002
2732 1 3002
2733 1 3002
2734 1 3002
2735 1 3002
2736 1 3002
2737 1 3002
2738 1 3002
2739 1 3002
2740 1 3002
2741 1 3002
2742 1 3002
2743 1 3002
2744 1 3002
2745 1 3002
2746 1 3002
2747 1 3002
2748 1 3002
2749 1 3002
2750 1 3002
2751 1 3002
2752 1 3002
2753 1 3002
2754 1 3002
2755 1 3002
2756 1 3002
2757 1 3002
2758 1 3002
2759 1 3002
2760 1 3002
2761 1 3002
2762 1 3002
2763 1 3002
2764 1 3002
2765 1 3002
2766 1 3002
2767 1 3002
2768 1 3002
2769 1 3002
2770 1 3002
2771 1 3002
2772 1 3002
2773 1 3002
2774 1 3002
2775 1 3002
2776 1 3002
2777 1 3002
2778 1 3002
2779 1 3002
2780 1 3002
2781 1 3002
2782 1 3002
2783 1 3002
2784 1 3002
2785 1 3002
2786 1 3002
2787 1 3002
2788 1 3002
2789 1 3002
2790 1 3002
2791 1 3002
2792 1 3002
2793 1 3002
2794 1 3002
2795 1 3002
2796 1 3002
2797 1 3002
2798 1 3002
2799 1 3002
2800 1 3002
2801 1 3002
2802 1 3002
2803 1 3002
2804 1 3002
2805 1 3002
2806 1 3002
2807 1 3002
2808 1 3002
2809 1 3002
2810 1 3002
2811 1 3002
2812 1 3002
2813 1 3002
2814 1 3002
2815 1 3002
2816 1 3002
2817 1 3002
2818 1 3002
2819 1 3002
2820 1 3002
2821 1 3002
2822 1 3002
2823 1 3002
2824 1 3002
2825 1 3002
2826 1 3002
2827 1 3002
2828 1 3002
2829 1 3002
2830 1 3002
2831 1 3002
2832 1 3002
2833 1 3002
2834 1 3002
2835 1 3002
2836 1 3002
2837 1 3002
2838 1 3002
2839 1 3002
2840 1 3002
2841 1 3002
2842 1 3002
2843 1 3002
2844 1 3002
2845 1 3002
2846 1 3002
2847 1 3002
2848 1 3002
2849 1 3002
2850 1 3002
2851 1 3002
2852 1 3002
2853 1 3002
2854 1 3002
2855 1 3002
2856 1 3002
2857 1 3002
2858 1 3002
2859 1 3002
2860 1 3002
2861 1 3002
2862 1 3002
2863 1 3002
2864 1 3002
2865 1 3002
2866 1 3002
2867 1 3002
2868 1 3002
2869 1 3002
2870 1 3002
2871 1 3002
2872 1 3002
2873 1 3002
2874 1 3002
2875 1 3002
2876 1 3002
2877 1 3002
2878 1 3002
2879 1 3002
2880 1 3002
2881 1 3002
2882 1 3002
2883 1 3002
2884 1 3002
2885 1 3002
2886 1 3002
2887 1 3002
2888 1 3002
2889 1 3002
2890 1 3002
2891 1 3002
2892 1 3002
2893 1 3002
2894 1 3002
2895 1 3002
2896 1 3002
2897 1 3002
2898 1 3002
2899 1 3002
2900 1 3002
2901 1 3002
2902 1 3002
2903 1 3002
2904 1 3002
2905 1 3002
2906 1 3002
2907 1 3002
2908 1 3002
2909 1 3002
2910 1 3002
2911 1 3002
2912 1 3002
2913 1 3002
2914 1 3002
2915 1 3002
2916 1 3002
2917 1 3002
2918 1 3002
2919 1 3002
2920 1 3002
2921 1 3002
2922 1 3002
2923 1 3002
2924 1 3002
2925 1 3002
2926 1 3002
2927 1 3002
2928 1 3002
2929 1 3002
2930 1 3002
2931 1 3002
2932 1 3002
2933 1 3002
2934 1 3002
2935 1 3002
2936 1 3002
2937 1 3002
2938 1 3002
2939 1 3002
2940 1 3002
2941 1 3002
2942 1 3002
2943 1 3002
2944 1 3002
2945 1 3002
2946 1 3002
2947 1 3002
2948 1 3002
2949 1 3002
2950 1 3002
2951 1 3002
2952 1 3002
2953 1 3002
2954 1 3002
2955 1 3002
2956 1 3002
2957 1 3002
2958 1 3002
2959 1 3002
2960 1 3002
2961 1 3002
2962 1 3002
2963 1 3002
2964 1 3002
2965 1 3002
2966 1 3002
2967 1 3002
2968 1 3002
2969 1 3002
2970 1 3002
2971 1 3002
2972 1 3002
2973 1 3002
2974 1 3002
2975 1 3002
2976 1 3002
2977 1 3002
2978 1 3002
2979 1 3002
2980 1 3002
2981 1 3002
2982 1 3002
2983 1 3002
2984 1 3002
2985 1 3002
2986 1 3002
2987 1 3002
2988 1 3002
2989 1 3002
2990 1 3002
2991 1 3002
2992 1 3002
2993 1 3002
2994 1 3002
2995 1 3002
2996 1 3002
2997 1 3002
2998 1 3002
2999 1 3002
3000 1 3002
3001 1 3002
