horizontal segments 2000
1 2002 2
1 2002 3
1 2002 4
1 2002 5
1 2002 6
1 2002 7
1 2002 8
1 2002 9
1 2002 10
1 2002 11
1 2002 12
1 2002 13
1 2002 14
1 2002 15
1 2002 16
1 2002 17
1 2002 18
1 2002 19
1 2002 20
1 2002 21
1 2002 22
1 2002 23
1 2002 24
1 2002 25
1 2002 26
1 2002 27
1 2002 28
1 2002 29
1 2002 30
1 2002 31
1 2002 32
1 2002 33
1 2002 34
1 2002 35
1 2002 36
1 2002 37
1 2002 38
1 2002 39
1 2002 40
1 2002 41
1 2002 42
1 2002 43
1 2002 44
1 2002 45
1 2002 46
1 2002 47
1 2002 48
1 2002 49
1 2002 50
1 2002 51
1 2002 52
1 2002 53
1 2002 54
1 2002 55
1 2002 56
1 2002 57
1 2002 58
1 2002 59
1 2002 60
1 2002 61
1 2002 62
1 2002 63
1 2002 64
1 2002 65
1 2002 66
1 2002 67
1 2002 68
1 2002 69
1 2002 70
1 2002 71
1 2002 72
1 2002 73
1 2002 74
1 2002 75
1 2002 76
1 2002 77
1 2002 78
1 2002 79
1 2002 80
1 2002 81
1 2002 82
1 2002 83
1 2002 84
1 2002 85
1 2002 86
1 2002 87
1 2002 88
1 2002 89
1 2002 90
1 2002 91
1 2002 92
1 2002 93
1 2002 94
1 2002 95
1 2002 96
1 2002 97
1 2002 98
1 2002 99
1 2002 100
1 2002 101
1 2002 102
1 2002 103
1 2002 104
1 2002 105
1 2002 106
1 2002 107
1 2002 108
1 2002 109
1 2002 110
1 2002 111
1 2002 112
1 2002 113
1 2002 114
1 2002 115
1 2002 116
1 2002 117
1 2002 118
1 2002 119
1 2002 120
1 2002 121
1 2002 122
1 2002 123
1 2002 124
1 2002 125
1 2002 126
1 2002 127
1 2002 128
1 2002 129
1 2002 130
1 2002 131
1 2002 132
1 2002 133
1 2002 134
1 2002 135
1 2002 136
1 2002 137
1 2002 138
1 2002 139
1 2002 140
1 2002 141
1 2002 142
1 2002 143
1 2002 144
1 2002 145
1 2002 146
1 2002 147
1 2002 148
1 2002 149
1 2002 150
1 2002 151
1 2002 152
1 2002 153
1 2002 154
1 2002 155
1 2002 156
1 2002 157
1 2002 158
1 2002 159
1 2002 160
1 2002 161
1 2002 162
1 2002 163
1 2002 164
1 2002 165
1 2002 166
1 2002 167
1 2002 168
1 2002 169
1 2002 170
1 2002 171
1 2002 172
1 2002 173
1 2002 174
1 2002 175
1 2002 176
1 2002 177
1 2002 178
1 2002 179
1 2002 180
1 2002 181
1 2002 182
1 2002 183
1 2002 184
1 2002 185
1 2002 186
1 2002 187
1 2002 188
1 2002 189
1 2002 190
1 2002 191
1 2002 192
1 2002 193
1 2002 194
1 2002 195
1 2002 196
1 2002 197
1 2002 198
1 2002 199
1 2002 200
1 2002 201
1 2002 202
1 2002 203
1 2002 204
1 2002 205
1 2002 206
1 2002 207
1 2002 208
1 2002 209
1 2002 210
1 2002 211
1 2002 212
1 2002 213
1 2002 214
1 2002 215
1 2002 216
1 2002 217
1 2002 218
1 2002 219
1 2002 220
1 2002 221
1 2002 222
1 2002 223
1 2002 224
1 2002 225
1 2002 226
1 2002 227
1 2002 228
1 2002 229
1 2002 230
1 2002 231
1 2002 232
1 2002 233
1 2002 234
1 2002 235
1 2002 236
1 2002 237
1 2002 238
1 2002 239
1 2002 240
1 2002 241
1 2002 242
1 2002 243
1 2002 244
1 2002 245
1 2002 246
1 2002 247
1 2002 248
1 2002 249
1 2002 250
1 2002 251
1 2002 252
1 2002 253
1 2002 254
1 2002 255
1 2002 256
1 2002 257
1 2002 258
1 2002 259
1 2002 260
1 2002 261
1 2002 262
1 2002 263
1 2002 264
1 2002 265
1 2002 266
1 2002 267
1 2002 268
1 2002 269
1 2002 270
1 2002 271
1 2002 272
1 2002 273
1 2002 274
1 2002 275
1 2002 276
1 2002 277
1 2002 278
1 2002 279
1 2002 280
1 2002 281
1 2002 282
1 2002 283
1 2002 284
1 2002 285
1 2002 286
1 2002 287
1 2002 288
1 2002 289
1 2002 290
1 2002 291
1 2002 292
1 2002 293
1 2002 294
1 2002 295
1 2002 296
1 2002 297
1 2002 298
1 2002 299
1 2002 300
1 2002 301
1 2002 302
1 2002 303
1 2002 304
1 2002 305
1 2002 306
1 2002 307
1 2002 308
1 2002 309
1 2002 310
1 2002 311
1 2002 312
1 2002 313
1 2002 314
1 2002 315
1 2002 316
1 2002 317
1 2002 318
1 2002 319
1 2002 320
1 2002 321
1 2002 322
1 2002 323
1 2002 324
1 2002 325
1 2002 326
1 2002 327
1 2002 328
1 2002 329
1 2002 330
1 2002 331
1 2002 332
1 2002 333
1 2002 334
1 2002 335
1 2002 336
1 2002 337
1 2002 338
1 2002 339
1 2002 340
1 2002 341
1 2002 342
1 2002 343
1 2002 344
1 2002 345
1 2002 346
1 2002 347
1 2002 348
1 2002 349
1 2002 350
1 2002 351
1 2002 352
1 2002 353
1 2002 354
1 2002 355
1 2002 356
1 2002 357
1 2002 358
1 2002 359
1 2002 360
1 2002 361
1 2002 362
1 2002 363
1 2002 364
1 2002 365
1 2002 366
1 2002 367
1 2002 368
1 2002 369
1 2002 370
1 2002 371
1 2002 372
1 2002 373
1 2002 374
1 2002 375
1 2002 376
1 2002 377
1 2002 378
1 2002 379
1 2002 380
1 2002 381
1 2002 382
1 2002 383
1 2002 384
1 2002 385
1 2002 386
1 2002 387
1 2002 388
1 2002 389
1 2002 390
1 2002 391
1 2002 392
1 2002 393
1 2002 394
1 2002 395
1 2002 396
1 2002 397
1 2002 398
1 2002 399
1 2002 400
1 2002 401
1 2002 402
1 2002 403
1 2002 404
1 2002 405
1 2002 406
1 2002 407
1 2002 408
1 2002 409
1 2002 410
1 2002 411
1 2002 412
1 2002 413
1 2002 414
1 2002 415
1 2002 416
1 2002 417
1 2002 418
1 2002 419
1 2002 420
1 2002 421
1 2002 422
1 2002 423
1 2002 424
1 2002 425
1 2002 426
1 2002 427
1 2002 428
1 2002 429
1 2002 430
1 2002 431
1 2002 432
1 2002 433
1 2002 434
1 2002 435
1 2002 436
1 2002 437
1 2002 438
1 2002 439
1 2002 440
1 2002 441
1 2002 442
1 2002 443
1 2002 444
1 2002 445
1 2002 446
1 2002 447
1 2002 448
1 2002 449
1 2002 450
1 2002 451
1 2002 452
1 2002 453
1 2002 454
1 2002 455
1 2002 456
1 2002 457
1 2002 458
1 2002 459
1 2002 460
1 2002 461
1 2002 462
1 2002 463
1 2002 464
1 2002 465
1 2002 466
1 2002 467
1 2002 468
1 2002 469
1 2002 470
1 2002 471
1 2002 472
1 2002 473
1 2002 474
1 2002 475
1 2002 476
1 2002 477
1 2002 478
1 2002 479
1 2002 480
1 2002 481
1 2002 482
1 2002 483
1 2002 484
1 2002 485
1 2002 486
1 2002 487
1 2002 488
1 2002 489
1 2002 490
1 2002 491
1 2002 492
1 2002 493
1 2002 494
1 2002 495
1 2002 496
1 2002 497
1 2002 498
1 2002 499
1 2002 500
1 2002 501
1 2002 502
1 2002 503
1 2002 504
1 2002 505
1 2002 506
1 2002 507
1 2002 508
1 2002 509
1 2002 510
1 2002 511
1 2002 512
1 2002 513
1 2002 514
1 2002 515
1 2002 516
1 2002 517
1 2002 518
1 2002 519
1 2002 520
1 2002 521
1 2002 522
1 2002 523
1 2002 524
1 2002 525
1 2002 526
1 2002 527
1 2002 528
1 2002 529
1 2002 530
1 2002 531
1 2002 532
1 2002 533
1 2002 534
1 2002 535
1 2002 536
1 2002 537
1 2002 538
1 2002 539
1 2002 540
1 2002 541
1 2002 542
1 2002 543
1 2002 544
1 2002 545
1 2002 546
1 2002 547
1 2002 548
1 2002 549
1 2002 550
1 2002 551
1 2002 552
1 2002 553
1 2002 554
1 2002 555
1 2002 556
1 2002 557
1 2002 558
1 2002 559
1 2002 560
1 2002 561
1 2002 562
1 2002 563
1 2002 564
1 2002 565
1 2002 566
1 2002 567
1 2002 568
1 2002 569
1 2002 570
1 2002 571
1 2002 572
1 2002 573
1 2002 574
1 2002 575
1 2002 576
1 2002 577
1 2002 578
1 2002 579
1 2002 580
1 2002 581
1 2002 582
1 2002 583
1 2002 584
1 2002 585
1 2002 586
1 2002 587
1 2002 588
1 2002 589
1 2002 590
1 2002 591
1 2002 592
1 2002 593
1 2002 594
1 2002 595
1 2002 596
1 2002 597
1 2002 598
1 2002 599
1 2002 600
1 2002 601
1 2002 602
1 2002 603
1 2002 604
1 2002 605
1 2002 606
1 2002 607
1 2002 608
1 2002 609
1 2002 610
1 2002 611
1 2002 612
1 2002 613
1 2002 614
1 2002 615
1 2002 616
1 2002 617
1 2002 618
1 2002 619
1 2002 620
1 2002 621
1 2002 622
1 2002 623
1 2002 624
1 2002 625
1 2002 626
1 2002 627
1 2002 628
1 2002 629
1 2002 630
1 2002 631
1 2002 632
1 2002 633
1 2002 634
1 2002 635
1 2002 636
1 2002 637
1 2002 638
1 2002 639
1 2002 640
1 2002 641
1 2002 642
1 2002 643
1 2002 644
1 2002 645
1 2002 646
1 2002 647
1 2002 648
1 2002 649
1 2002 650
1 2002 651
1 2002 652
1 2002 653
1 2002 654
1 2002 655
1 2002 656
1 2002 657
1 2002 658
1 2002 659
1 2002 660
1 2002 661
1 2002 662
1 2002 663
1 2002 664
1 2002 665
1 2002 666
1 2002 667
1 2002 668
1 2002 669
1 2002 670
1 2002 671
1 2002 672
1 2002 673
1 2002 674
1 2002 675
1 2002 676
1 2002 677
1 2002 678
1 2002 679
1 2002 680
1 2002 681
1 2002 682
1 2002 683
1 2002 684
1 2002 685
1 2002 686
1 2002 687
1 2002 688
1 2002 689
1 2002 690
1 2002 691
1 2002 692
1 2002 693
1 2002 694
1 2002 695
1 2002 696
1 2002 697
1 2002 698
1 2002 699
1 2002 700
1 2002 701
1 2002 702
1 2002 703
1 2002 704
1 2002 705
1 2002 706
1 2002 707
1 2002 708
1 2002 709
1 2002 710
1 2002 711
1 2002 712
1 2002 713
1 2002 714
1 2002 715
1 2002 716
1 2002 717
1 2002 718
1 2002 719
1 2002 720
1 2002 721
1 2002 722
1 2002 723
1 2002 724
1 2002 725
1 2002 726
1 2002 727
1 2002 728
1 2002 729
1 2002 730
1 2002 731
1 2002 732
1 2002 733
1 2002 734
1 2002 735
1 2002 736
1 2002 737
1 2002 738
1 2002 739
1 2002 740
1 2002 741
1 2002 742
1 2002 743
1 2002 744
1 2002 745
1 2002 746
1 2002 747
1 2002 748
1 2002 749
1 2002 750
1 2002 751
1 2002 752
1 2002 753
1 2002 754
1 2002 755
1 2002 756
1 2002 757
1 2002 758
1 2002 759
1 2002 760
1 2002 761
1 2002 762
1 2002 763
1 2002 764
1 2002 765
1 2002 766
1 2002 767
1 2002 768
1 2002 769
1 2002 770
1 2002 771
1 2002 772
1 2002 773
1 2002 774
1 2002 775
1 2002 776
1 2002 777
1 2002 778
1 2002 779
1 2002 780
1 2002 781
1 2002 782
1 2002 783
1 2002 784
1 2002 785
1 2002 786
1 2002 787
1 2002 788
1 2002 789
1 2002 790
1 2002 791
1 2002 792
1 2002 793
1 2002 794
1 2002 795
1 2002 796
1 2002 797
1 2002 798
1 2002 799
1 2002 800
1 2002 801
1 2002 802
1 2002 803
1 2002 804
1 2002 805
1 2002 806
1 2002 807
1 2002 808
1 2002 809
1 2002 810
1 2002 811
1 2002 812
1 2002 813
1 2002 814
1 2002 815
1 2002 816
1 2002 817
1 2002 818
1 2002 819
1 2002 820
1 2002 821
1 2002 822
1 2002 823
1 2002 824
1 2002 825
1 2002 826
1 2002 827
1 2002 828
1 2002 829
1 2002 830
1 2002 831
1 2002 832
1 2002 833
1 2002 834
1 2002 835
1 2002 836
1 2002 837
1 2002 838
1 2002 839
1 2002 840
1 2002 841
1 2002 842
1 2002 843
1 2002 844
1 2002 845
1 2002 846
1 2002 847
1 2002 848
1 2002 849
1 2002 850
1 2002 851
1 2002 852
1 2002 853
1 2002 854
1 2002 855
1 2002 856
1 2002 857
1 2002 858
1 2002 859
1 2002 860
1 2002 861
1 2002 862
1 2002 863
1 2002 864
1 2002 865
1 2002 866
1 2002 867
1 2002 868
1 2002 869
1 2002 870
1 2002 871
1 2002 872
1 2002 873
1 2002 874
1 2002 875
1 2002 876
1 2002 877
1 2002 878
1 2002 879
1 2002 880
1 2002 881
1 2002 882
1 2002 883
1 2002 884
1 2002 885
1 2002 886
1 2002 887
1 2002 888
1 2002 889
1 2002 890
1 2002 891
1 2002 892
1 2002 893
1 2002 894
1 2002 895
1 2002 896
1 2002 897
1 2002 898
1 2002 899
1 2002 900
1 2002 901
1 2002 902
1 2002 903
1 2002 904
1 2002 905
1 2002 906
1 2002 907
1 2002 908
1 2002 909
1 2002 910
1 2002 911
1 2002 912
1 2002 913
1 2002 914
1 2002 915
1 2002 916
1 2002 917
1 2002 918
1 2002 919
1 2002 920
1 2002 921
1 2002 922
1 2002 923
1 2002 924
1 2002 925
1 2002 926
1 2002 927
1 2002 928
1 2002 929
1 2002 930
1 2002 931
1 2002 932
1 2002 933
1 2002 934
1 2002 935
1 2002 936
1 2002 937
1 2002 938
1 2002 939
1 2002 940
1 2002 941
1 2002 942
1 2002 943
1 2002 944
1 2002 945
1 2002 946
1 2002 947
1 2002 948
1 2002 949
1 2002 950
1 2002 951
1 2002 952
1 2002 953
1 2002 954
1 2002 955
1 2002 956
1 2002 957
1 2002 958
1 2002 959
1 2002 960
1 2002 961
1 2002 962
1 2002 963
1 2002 964
1 2002 965
1 2002 966
1 2002 967
1 2002 968
1 2002 969
1 2002 970
1 2002 971
1 2002 972
1 2002 973
1 2002 974
1 2002 975
1 2002 976
1 2002 977
1 2002 978
1 2002 979
1 2002 980
1 2002 981
1 2002 982
1 2002 983
1 2002 984
1 2002 985
1 2002 986
1 2002 987
1 2002 988
1 2002 989
1 2002 990
1 2002 991
1 2002 992
1 2002 993
1 2002 994
1 2002 995
1 2002 996
1 2002 997
1 2002 998
1 2002 999
1 2002 1000
1 2002 1001
1 2002 1002
1 2002 1003
1 2002 1004
1 2002 1005
1 2002 1006
1 2002 1007
1 2002 1008
1 2002 1009
1 2002 1010
1 2002 1011
1 2002 1012
1 2002 1013
1 2002 1014
1 2002 1015
1 2002 1016
1 2002 1017
1 2002 1018
1 2002 1019
1 2002 1020
1 2002 1021
1 2002 1022
1 2002 1023
1 2002 1024
1 2002 1025
1 2002 1026
1 2002 1027
1 2002 1028
1 2002 1029
1 2002 1030
1 2002 1031
1 2002 1032
1 2002 1033
1 2002 1034
1 2002 1035
1 2002 1036
1 2002 1037
1 2002 1038
1 2002 1039
1 2002 1040
1 2002 1041
1 2002 1042
1 2002 1043
1 2002 1044
1 2002 1045
1 2002 1046
1 2002 1047
1 2002 1048
1 2002 1049
1 2002 1050
1 2002 1051
1 2002 1052
1 2002 1053
1 2002 1054
1 2002 1055
1 2002 1056
1 2002 1057
1 2002 1058
1 2002 1059
1 2002 1060
1 2002 1061
1 2002 1062
1 2002 1063
1 2002 1064
1 2002 1065
1 2002 1066
1 2002 1067
1 2002 1068
1 2002 1069
1 2002 1070
1 2002 1071
1 2002 1072
1 2002 1073
1 2002 1074
1 2002 1075
1 2002 1076
1 2002 1077
1 2002 1078
1 2002 1079
1 2002 1080
1 2002 1081
1 2002 1082
1 2002 1083
1 2002 1084
1 2002 1085
1 2002 1086
1 2002 1087
1 2002 1088
1 2002 1089
1 2002 1090
1 2002 1091
1 2002 1092
1 2002 1093
1 2002 1094
1 2002 1095
1 2002 1096
1 2002 1097
1 2002 1098
1 2002 1099
1 2002 1100
1 2002 1101
1 2002 1102
1 2002 1103
1 2002 1104
1 2002 1105
1 2002 1106
1 2002 1107
1 2002 1108
1 2002 1109
1 2002 1110
1 2002 1111
1 2002 1112
1 2002 1113
1 2002 1114
1 2002 1115
1 2002 1116
1 2002 1117
1 2002 1118
1 2002 1119
1 2002 1120
1 2002 1121
1 2002 1122
1 2002 1123
1 2002 1124
1 2002 1125
1 2002 1126
1 2002 1127
1 2002 1128
1 2002 1129
1 2002 1130
1 2002 1131
1 2002 1132
1 2002 1133
1 2002 1134
1 2002 1135
1 2002 1136
1 2002 1137
1 2002 1138
1 2002 1139
1 2002 1140
1 2002 1141
1 2002 1142
1 2002 1143
1 2002 1144
1 2002 1145
1 2002 1146
1 2002 1147
1 2002 1148
1 2002 1149
1 2002 1150
1 2002 1151
1 2002 1152
1 2002 1153
1 2002 1154
1 2002 1155
1 2002 1156
1 2002 1157
1 2002 1158
1 2002 1159
1 2002 1160
1 2002 1161
1 2002 1162
1 2002 1163
1 2002 1164
1 2002 1165
1 2002 1166
1 2002 1167
1 2002 1168
1 2002 1169
1 2002 1170
1 2002 1171
1 2002 1172
1 2002 1173
1 2002 1174
1 2002 1175
1 2002 1176
1 2002 1177
1 2002 1178
1 2002 1179
1 2002 1180
1 2002 1181
1 2002 1182
1 2002 1183
1 2002 1184
1 2002 1185
1 2002 1186
1 2002 1187
1 2002 1188
1 2002 1189
1 2002 1190
1 2002 1191
1 2002 1192
1 2002 1193
1 2002 1194
1 2002 1195
1 2002 1196
1 2002 1197
1 2002 1198
1 2002 1199
1 2002 1200
1 2002 1201
1 2002 1202
1 2002 1203
1 2002 1204
1 2002 1205
1 2002 1206
1 2002 1207
1 2002 1208
1 2002 1209
1 2002 1210
1 2002 1211
1 2002 1212
1 2002 1213
1 2002 1214
1 2002 1215
1 2002 1216
1 2002 1217
1 2002 1218
1 2002 1219
1 2002 1220
1 2002 1221
1 2002 1222
1 2002 1223
1 2002 1224
1 2002 1225
1 2002 1226
1 2002 1227
1 2002 1228
1 2002 1229
1 2002 1230
1 2002 1231
1 2002 1232
1 2002 1233
1 2002 1234
1 2002 1235
1 2002 1236
1 2002 1237
1 2002 1238
1 2002 1239
1 2002 1240
1 2002 1241
1 2002 1242
1 2002 1243
1 2002 1244
1 2002 1245
1 2002 1246
1 2002 1247
1 2002 1248
1 2002 1249
1 2002 1250
1 2002 1251
1 2002 1252
1 2002 1253
1 2002 1254
1 2002 1255
1 2002 1256
1 2002 1257
1 2002 1258
1 2002 1259
1 2002 1260
1 2002 1261
1 2002 1262
1 2002 1263
1 2002 1264
1 2002 1265
1 2002 1266
1 2002 1267
1 2002 1268
1 2002 1269
1 2002 1270
1 2002 1271
1 2002 1272
1 2002 1273
1 2002 1274
1 2002 1275
1 2002 1276
1 2002 1277
1 2002 1278
1 2002 1279
1 2002 1280
1 2002 1281
1 2002 1282
1 2002 1283
1 2002 1284
1 2002 1285
1 2002 1286
1 2002 1287
1 2002 1288
1 2002 1289
1 2002 1290
1 2002 1291
1 2002 1292
1 2002 1293
1 2002 1294
1 2002 1295
1 2002 1296
1 2002 1297
1 2002 1298
1 2002 1299
1 2002 1300
1 2002 1301
1 2002 1302
1 2002 1303
1 2002 1304
1 2002 1305
1 2002 1306
1 2002 1307
1 2002 1308
1 2002 1309
1 2002 1310
1 2002 1311
1 2002 1312
1 2002 1313
1 2002 1314
1 2002 1315
1 2002 1316
1 2002 1317
1 2002 1318
1 2002 1319
1 2002 1320
1 2002 1321
1 2002 1322
1 2002 1323
1 2002 1324
1 2002 1325
1 2002 1326
1 2002 1327
1 2002 1328
1 2002 1329
1 2002 1330
1 2002 1331
1 2002 1332
1 2002 1333
1 2002 1334
1 2002 1335
1 2002 1336
1 2002 1337
1 2002 1338
1 2002 1339
1 2002 1340
1 2002 1341
1 2002 1342
1 2002 1343
1 2002 1344
1 2002 1345
1 2002 1346
1 2002 1347
1 2002 1348
1 2002 1349
1 2002 1350
1 2002 1351
1 2002 1352
1 2002 1353
1 2002 1354
1 2002 1355
1 2002 1356
1 2002 1357
1 2002 1358
1 2002 1359
1 2002 1360
1 2002 1361
1 2002 1362
1 2002 1363
1 2002 1364
1 2002 1365
1 2002 1366
1 2002 1367
1 2002 1368
1 2002 1369
1 2002 1370
1 2002 1371
1 2002 1372
1 2002 1373
1 2002 1374
1 2002 1375
1 2002 1376
1 2002 1377
1 2002 1378
1 2002 1379
1 2002 1380
1 2002 1381
1 2002 1382
1 2002 1383
1 2002 1384
1 2002 1385
1 2002 1386
1 2002 1387
1 2002 1388
1 2002 1389
1 2002 1390
1 2002 1391
1 2002 1392
1 2002 1393
1 2002 1394
1 2002 1395
1 2002 1396
1 2002 1397
1 2002 1398
1 2002 1399
1 2002 1400
1 2002 1401
1 2002 1402
1 2002 1403
1 2002 1404
1 2002 1405
1 2002 1406
1 2002 1407
1 2002 1408
1 2002 1409
1 2002 1410
1 2002 1411
1 2002 1412
1 2002 1413
1 2002 1414
1 2002 1415
1 2002 1416
1 2002 1417
1 2002 1418
1 2002 1419
1 2002 1420
1 2002 1421
1 2002 1422
1 2002 1423
1 2002 1424
1 2002 1425
1 2002 1426
1 2002 1427
1 2002 1428
1 2002 1429
1 2002 1430
1 2002 1431
1 2002 1432
1 2002 1433
1 2002 1434
1 2002 1435
1 2002 1436
1 2002 1437
1 2002 1438
1 2002 1439
1 2002 1440
1 2002 1441
1 2002 1442
1 2002 1443
1 2002 1444
1 2002 1445
1 2002 1446
1 2002 1447
1 2002 1448
1 2002 1449
1 2002 1450
1 2002 1451
1 2002 1452
1 2002 1453
1 2002 1454
1 2002 1455
1 2002 1456
1 2002 1457
1 2002 1458
1 2002 1459
1 2002 1460
1 2002 1461
1 2002 1462
1 2002 1463
1 2002 1464
1 2002 1465
1 2002 1466
1 2002 1467
1 2002 1468
1 2002 1469
1 2002 1470
1 2002 1471
1 2002 1472
1 2002 1473
1 2002 1474
1 2002 1475
1 2002 1476
1 2002 1477
1 2002 1478
1 2002 1479
1 2002 1480
1 2002 1481
1 2002 1482
1 2002 1483
1 2002 1484
1 2002 1485
1 2002 1486
1 2002 1487
1 2002 1488
1 2002 1489
1 2002 1490
1 2002 1491
1 2002 1492
1 2002 1493
1 2002 1494
1 2002 1495
1 2002 1496
1 2002 1497
1 2002 1498
1 2002 1499
1 2002 1500
1 2002 1501
1 2002 1502
1 2002 1503
1 2002 1504
1 2002 1505
1 2002 1506
1 2002 1507
1 2002 1508
1 2002 1509
1 2002 1510
1 2002 1511
1 2002 1512
1 2002 1513
1 2002 1514
1 2002 1515
1 2002 1516
1 2002 1517
1 2002 1518
1 2002 1519
1 2002 1520
1 2002 1521
1 2002 1522
1 2002 1523
1 2002 1524
1 2002 1525
1 2002 1526
1 2002 1527
1 2002 1528
1 2002 1529
1 2002 1530
1 2002 1531
1 2002 1532
1 2002 1533
1 2002 1534
1 2002 1535
1 2002 1536
1 2002 1537
1 2002 1538
1 2002 1539
1 2002 1540
1 2002 1541
1 2002 1542
1 2002 1543
1 2002 1544
1 2002 1545
1 2002 1546
1 2002 1547
1 2002 1548
1 2002 1549
1 2002 1550
1 2002 1551
1 2002 1552
1 2002 1553
1 2002 1554
1 2002 1555
1 2002 1556
1 2002 1557
1 2002 1558
1 2002 1559
1 2002 1560
1 2002 1561
1 2002 1562
1 2002 1563
1 2002 1564
1 2002 1565
1 2002 1566
1 2002 1567
1 2002 1568
1 2002 1569
1 2002 1570
1 2002 1571
1 2002 1572
1 2002 1573
1 2002 1574
1 2002 1575
1 2002 1576
1 2002 1577
1 2002 1578
1 2002 1579
1 2002 1580
1 2002 1581
1 2002 1582
1 2002 1583
1 2002 1584
1 2002 1585
1 2002 1586
1 2002 1587
1 2002 1588
1 2002 1589
1 2002 1590
1 2002 1591
1 2002 1592
1 2002 1593
1 2002 1594
1 2002 1595
1 2002 1596
1 2002 1597
1 2002 1598
1 2002 1599
1 2002 1600
1 2002 1601
1 2002 1602
1 2002 1603
1 2002 1604
1 2002 1605
1 2002 1606
1 2002 1607
1 2002 1608
1 2002 1609
1 2002 1610
1 2002 1611
1 2002 1612
1 2002 1613
1 2002 1614
1 2002 1615
1 2002 1616
1 2002 1617
1 2002 1618
1 2002 1619
1 2002 1620
1 2002 1621
1 2002 1622
1 2002 1623
1 2002 1624
1 2002 1625
1 2002 1626
1 2002 1627
1 2002 1628
1 2002 1629
1 2002 1630
1 2002 1631
1 2002 1632
1 2002 1633
1 2002 1634
1 2002 1635
1 2002 1636
1 2002 1637
1 2002 1638
1 2002 1639
1 2002 1640
1 2002 1641
1 2002 1642
1 2002 1643
1 2002 1644
1 2002 1645
1 2002 1646
1 2002 1647
1 2002 1648
1 2002 1649
1 2002 1650
1 2002 1651
1 2002 1652
1 2002 1653
1 2002 1654
1 2002 1655
1 2002 1656
1 2002 1657
1 2002 1658
1 2002 1659
1 2002 1660
1 2002 1661
1 2002 1662
1 2002 1663
1 2002 1664
1 2002 1665
1 2002 1666
1 2002 1667
1 2002 1668
1 2002 1669
1 2002 1670
1 2002 1671
1 2002 1672
1 2002 1673
1 2002 1674
1 2002 1675
1 2002 1676
1 2002 1677
1 2002 1678
1 2002 1679
1 2002 1680
1 2002 1681
1 2002 1682
1 2002 1683
1 2002 1684
1 2002 1685
1 2002 1686
1 2002 1687
1 2002 1688
1 2002 1689
1 2002 1690
1 2002 1691
1 2002 1692
1 2002 1693
1 2002 1694
1 2002 1695
1 2002 1696
1 2002 1697
1 2002 1698
1 2002 1699
1 2002 1700
1 2002 1701
1 2002 1702
1 2002 1703
1 2002 1704
1 2002 1705
1 2002 1706
1 2002 1707
1 2002 1708
1 2002 1709
1 2002 1710
1 2002 1711
1 2002 1712
1 2002 1713
1 2002 1714
1 2002 1715
1 2002 1716
1 2002 1717
1 2002 1718
1 2002 1719
1 2002 1720
1 2002 1721
1 2002 1722
1 2002 1723
1 2002 1724
1 2002 1725
1 2002 1726
1 2002 1727
1 2002 1728
1 2002 1729
1 2002 1730
1 2002 1731
1 2002 1732
1 2002 1733
1 2002 1734
1 2002 1735
1 2002 1736
1 2002 1737
1 2002 1738
1 2002 1739
1 2002 1740
1 2002 1741
1 2002 1742
1 2002 1743
1 2002 1744
1 2002 1745
1 2002 1746
1 2002 1747
1 2002 1748
1 2002 1749
1 2002 1750
1 2002 1751
1 2002 1752
1 2002 1753
1 2002 1754
1 2002 1755
1 2002 1756
1 2002 1757
1 2002 1758
1 2002 1759
1 2002 1760
1 2002 1761
1 2002 1762
1 2002 1763
1 2002 1764
1 2002 1765
1 2002 1766
1 2002 1767
1 2002 1768
1 2002 1769
1 2002 1770
1 2002 1771
1 2002 1772
1 2002 1773
1 2002 1774
1 2002 1775
1 2002 1776
1 2002 1777
1 2002 1778
1 2002 1779
1 2002 1780
1 2002 1781
1 2002 1782
1 2002 1783
1 2002 1784
1 2002 1785
1 2002 1786
1 2002 1787
1 2002 1788
1 2002 1789
1 2002 1790
1 2002 1791
1 2002 1792
1 2002 1793
1 2002 1794
1 2002 1795
1 2002 1796
1 2002 1797
1 2002 1798
1 2002 1799
1 2002 1800
1 2002 1801
1 2002 1802
1 2002 1803
1 2002 1804
1 2002 1805
1 2002 1806
1 2002 1807
1 2002 1808
1 2002 1809
1 2002 1810
1 2002 1811
1 2002 1812
1 2002 1813
1 2002 1814
1 2002 1815
1 2002 1816
1 2002 1817
1 2002 1818
1 2002 1819
1 2002 1820
1 2002 1821
1 2002 1822
1 2002 1823
1 2002 1824
1 2002 1825
1 2002 1826
1 2002 1827
1 2002 1828
1 2002 1829
1 2002 1830
1 2002 1831
1 2002 1832
1 2002 1833
1 2002 1834
1 2002 1835
1 2002 1836
1 2002 1837
1 2002 1838
1 2002 1839
1 2002 1840
1 2002 1841
1 2002 1842
1 2002 1843
1 2002 1844
1 2002 1845
1 2002 1846
1 2002 1847
1 2002 1848
1 2002 1849
1 2002 1850
1 2002 1851
1 2002 1852
1 2002 1853
1 2002 1854
1 2002 1855
1 2002 1856
1 2002 1857
1 2002 1858
1 2002 1859
1 2002 1860
1 2002 1861
1 2002 1862
1 2002 1863
1 2002 1864
1 2002 1865
1 2002 1866
1 2002 1867
1 2002 1868
1 2002 1869
1 2002 1870
1 2002 1871
1 2002 1872
1 2002 1873
1 2002 1874
1 2002 1875
1 2002 1876
1 2002 1877
1 2002 1878
1 2002 1879
1 2002 1880
1 2002 1881
1 2002 1882
1 2002 1883
1 2002 1884
1 2002 1885
1 2002 1886
1 2002 1887
1 2002 1888
1 2002 1889
1 2002 1890
1 2002 1891
1 2002 1892
1 2002 1893
1 2002 1894
1 2002 1895
1 2002 1896
1 2002 1897
1 2002 1898
1 2002 1899
1 2002 1900
1 2002 1901
1 2002 1902
1 2002 1903
1 2002 1904
1 2002 1905
1 2002 1906
1 2002 1907
1 2002 1908
1 2002 1909
1 2002 1910
1 2002 1911
1 2002 1912
1 2002 1913
1 2002 1914
1 2002 1915
1 2002 1916
1 2002 1917
1 2002 1918
1 2002 1919
1 2002 1920
1 2002 1921
1 2002 1922
1 2002 1923
1 2002 1924
1 2002 1925
1 2002 1926
1 2002 1927
1 2002 1928
1 2002 1929
1 2002 1930
1 2002 1931
1 2002 1932
1 2002 1933
1 2002 1934
1 2002 1935
1 2002 1936
1 2002 1937
1 2002 1938
1 2002 1939
1 2002 1940
1 2002 1941
1 2002 1942
1 2002 1943
1 2002 1944
1 2002 1945
1 2002 1946
1 2002 1947
1 2002 1948
1 2002 1949
1 2002 1950
1 2002 1951
1 2002 1952
1 2002 1953
1 2002 1954
1 2002 1955
1 2002 1956
1 2002 1957
1 2002 1958
1 2002 1959
1 2002 1960
1 2002 1961
1 2002 1962
1 2002 1963
1 2002 1964
1 2002 1965
1 2002 1966
1 2002 1967
1 2002 1968
1 2002 1969
1 2002 1970
1 2002 1971
1 2002 1972
1 2002 1973
1 2002 1974
1 2002 1975
1 2002 1976
1 2002 1977
1 2002 1978
1 2002 1979
1 2002 1980
1 2002 1981
1 2002 1982
1 2002 1983
1 2002 1984
1 2002 1985
1 2002 1986
1 2002 1987
1 2002 1988
1 2002 1989
1 2002 1990
1 2002 1991
1 2002 1992
1 2002 1993
1 2002 1994
1 2002 1995
1 2002 1996
1 2002 1997
1 2002 1998
1 2002 1999
1 2002 2000
1 2002 2001
vertical segments 2000
2003 1 2002
2004 1 2002
2005 1 2002
2006 1 2002
2007 1 2002
2008 1 2002
2009 1 2002
2010 1 2002
2011 1 2002
2012 1 2002
2013 1 2002
2014 1 2002
2015 1 2002
2016 1 2002
2017 1 2002
2018 1 2002
2019 1 2002
2020 1 2002
2021 1 2002
2022 1 2002
2023 1 2002
2024 1 2002
2025 1 2002
2026 1 2002
2027 1 2002
2028 1 2002
2029 1 2002
2030 1 2002
2031 1 2002
2032 1 2002
2033 1 2002
2034 1 2002
2035 1 2002
2036 1 2002
2037 1 2002
2038 1 2002
2039 1 2002
2040 1 2002
2041 1 2002
2042 1 2002
2043 1 2002
2044 1 2002
2045 1 2002
2046 1 2002
2047 1 2002
2048 1 2002
2049 1 2002
2050 1 2002
2051 1 2002
2052 1 2002
2053 1 2002
2054 1 2002
2055 1 2002
2056 1 2002
2057 1 2002
2058 1 2002
2059 1 2002
2060 1 2002
2061 1 2002
2062 1 2002
2063 1 2002
2064 1 2002
2065 1 2002
2066 1 2002
2067 1 2002
2068 1 2002
2069 1 2002
2070 1 2002
2071 1 2002
2072 1 2002
2073 1 2002
2074 1 2002
2075 1 2002
2076 1 2002
2077 1 2002
2078 1 2002
2079 1 2002
2080 1 2002
2081 1 2002
2082 1 2002
2083 1 2002
2084 1 2002
2085 1 2002
2086 1 2002
2087 1 2002
2088 1 2002
2089 1 2002
2090 1 2002
2091 1 2002
2092 1 2002
2093 1 2002
2094 1 2002
2095 1 2002
2096 1 2002
2097 1 2002
2098 1 2002
2099 1 2002
2100 1 2002
2101 1 2002
2102 1 2002
2103 1 2002
2104 1 2002
2105 1 2002
2106 1 2002
2107 1 2002
2108 1 2002
2109 1 2002
2110 1 2002
2111 1 2002
2112 1 2002
2113 1 2002
2114 1 2002
2115 1 2002
2116 1 2002
2117 1 2002
2118 1 2002
2119 1 2002
2120 1 2002
2121 1 2002
2122 1 2002
2123 1 2002
2124 1 2002
2125 1 2002
2126 1 2002
2127 1 2002
2128 1 2002
2129 1 2002
2130 1 2002
2131 1 2002
2132 1 2002
2133 1 2002
2134 1 2002
2135 1 2002
2136 1 2002
2137 1 2002
2138 1 2002
2139 1 2002
2140 1 2002
2141 1 2002
2142 1 2002
2143 1 2002
2144 1 2002
2145 1 2002
2146 1 2002
2147 1 2002
2148 1 2002
2149 1 2002
2150 1 2002
2151 1 2002
2152 1 2002
2153 1 2002
2154 1 2002
2155 1 2002
2156 1 2002
2157 1 2002
2158 1 2002
2159 1 2002
2160 1 2002
2161 1 2002
2162 1 2002
2163 1 2002
2164 1 2002
2165 1 2002
2166 1 2002
2167 1 2002
2168 1 2002
2169 1 2002
2170 1 2002
2171 1 2002
2172 1 2002
2173 1 2002
2174 1 2002
2175 1 2002
2176 1 2002
2177 1 2002
2178 1 2002
2179 1 2002
2180 1 2002
2181 1 2002
2182 1 2002
2183 1 2002
2184 1 2002
2185 1 2002
2186 1 2002
2187 1 2002
2188 1 2002
2189 1 2002
2190 1 2002
2191 1 2002
2192 1 2002
2193 1 2002
2194 1 2002
2195 1 2002
2196 1 2002
2197 1 2002
2198 1 2002
2199 1 2002
2200 1 2002
2201 1 2002
2202 1 2002
2203 1 2002
2204 1 2002
2205 1 2002
2206 1 2002
2207 1 2002
2208 1 2002
2209 1 2002
2210 1 2002
2211 1 2002
2212 1 2002
2213 1 2002
2214 1 2002
2215 1 2002
2216 1 2002
2217 1 2002
2218 1 2002
2219 1 2002
2220 1 2002
2221 1 2002
2222 1 2002
2223 1 2002
2224 1 2002
2225 1 2002
2226 1 2002
2227 1 2002
2228 1 2002
2229 1 2002
2230 1 2002
2231 1 2002
2232 1 2002
2233 1 2002
2234 1 2002
2235 1 2002
2236 1 2002
2237 1 2002
2238 1 2002
2239 1 2002
2240 1 2002
2241 1 2002
2242 1 2002
2243 1 2002
2244 1 2002
2245 1 2002
2246 1 2002
2247 1 2002
2248 1 2002
2249 1 2002
2250 1 2002
2251 1 2002
2252 1 2002
2253 1 2002
2254 1 2002
2255 1 2002
2256 1 2002
2257 1 2002
2258 1 2002
2259 1 2002
2260 1 2002
2261 1 2002
2262 1 2002
2263 1 2002
2264 1 2002
2265 1 2002
2266 1 2002
2267 1 2002
2268 1 2002
2269 1 2002
2270 1 2002
2271 1 2002
2272 1 2002
2273 1 2002
2274 1 2002
2275 1 2002
2276 1 2002
2277 1 2002
2278 1 2002
2279 1 2002
2280 1 2002
2281 1 2002
2282 1 2002
2283 1 2002
2284 1 2002
2285 1 2002
2286 1 2002
2287 1 2002
2288 1 2002
2289 1 2002
2290 1 2002
2291 1 2002
2292 1 2002
2293 1 2002
2294 1 2002
2295 1 2002
2296 1 2002
2297 1 2002
2298 1 2002
2299 1 2002
2300 1 2002
2301 1 2002
2302 1 2002
2303 1 2002
2304 1 2002
2305 1 2002
2306 1 2002
2307 1 2002
2308 1 2002
2309 1 2002
2310 1 2002
2311 1 2002
2312 1 2002
2313 1 2002
2314 1 2002
2315 1 2002
2316 1 2002
2317 1 2002
2318 1 2002
2319 1 2002
2320 1 2002
2321 1 2002
2322 1 2002
2323 1 2002
2324 1 2002
2325 1 2002
2326 1 2002
2327 1 2002
2328 1 2002
2329 1 2002
2330 1 2002
2331 1 2002
2332 1 2002
2333 1 2002
2334 1 2002
2335 1 2002
2336 1 2002
2337 1 2002
2338 1 2002
2339 1 2002
2340 1 2002
2341 1 2002
2342 1 2002
2343 1 2002
2344 1 2002
2345 1 2002
2346 1 2002
2347 1 2002
2348 1 2002
2349 1 2002
2350 1 2002
2351 1 2002
2352 1 2002
2353 1 2002
2354 1 2002
2355 1 2002
2356 1 2002
2357 1 2002
2358 1 2002
2359 1 2002
2360 1 2002
2361 1 2002
2362 1 2002
2363 1 2002
2364 1 2002
2365 1 2002
2366 1 2002
2367 1 2002
2368 1 2002
2369 1 2002
2370 1 2002
2371 1 2002
2372 1 2002
2373 1 2002
2374 1 2002
2375 1 2002
2376 1 2002
2377 1 2002
2378 1 2002
2379 1 2002
2380 1 2002
2381 1 2002
2382 1 2002
2383 1 2002
2384 1 2002
2385 1 2002
2386 1 2002
2387 1 2002
2388 1 2002
2389 1 2002
2390 1 2002
2391 1 2002
2392 1 2002
2393 1 2002
2394 1 2002
2395 1 2002
2396 1 2002
2397 1 2002
2398 1 2002
2399 1 2002
2400 1 2002
2401 1 2002
2402 1 2002
2403 1 2002
2404 1 2002
2405 1 2002
2406 1 2002
2407 1 2002
2408 1 2002
2409 1 2002
2410 1 2002
2411 1 2002
2412 1 2002
2413 1 2002
2414 1 2002
2415 1 2002
2416 1 2002
2417 1 2002
2418 1 2002
2419 1 2002
2420 1 2002
2421 1 2002
2422 1 2002
2423 1 2002
2424 1 2002
2425 1 2002
2426 1 2002
2427 1 2002
2428 1 2002
2429 1 2002
2430 1 2002
2431 1 2002
2432 1 2002
2433 1 2002
2434 1 2002
2435 1 2002
2436 1 2002
2437 1 2002
2438 1 2002
2439 1 2002
2440 1 2002
2441 1 2002
2442 1 2002
2443 1 2002
2444 1 2002
2445 1 2002
2446 1 2002
2447 1 2002
2448 1 2002
2449 1 2002
2450 1 2002
2451 1 2002
2452 1 2002
2453 1 2002
2454 1 2002
2455 1 2002
2456 1 2002
2457 1 2002
2458 1 2002
2459 1 2002
2460 1 2002
2461 1 2002
2462 1 2002
2463 1 2002
2464 1 2002
2465 1 2002
2466 1 2002
2467 1 2002
2468 1 2002
2469 1 2002
2470 1 2002
2471 1 2002
2472 1 2002
2473 1 2002
2474 1 2002
2475 1 2002
2476 1 2002
2477 1 2002
2478 1 2002
2479 1 2002
2480 1 2002
2481 1 2002
2482 1 2002
2483 1 2002
2484 1 2002
2485 1 2002
2486 1 2002
2487 1 2002
2488 1 2002
2489 1 2002
2490 1 2002
2491 1 2002
2492 1 2002
2493 1 2002
2494 1 2002
2495 1 2002
2496 1 2002
2497 1 2002
2498 1 2002
2499 1 2002
2500 1 2002
2501 1 2002
2502 1 2002
2503 1 2002
2504 1 2002
2505 1 2002
2506 1 2002
2507 1 2002
2508 1 2002
2509 1 2002
2510 1 2002
2511 1 2002
2512 1 2002
2513 1 2002
2514 1 2002
2515 1 2002
2516 1 2002
2517 1 2002
2518 1 2002
2519 1 2002
2520 1 2002
2521 1 2002
2522 1 2002
2523 1 2002
2524 1 2002
2525 1 2002
2526 1 2002
2527 1 2002
2528 1 2002
2529 1 2002
2530 1 2002
2531 1 2002
2532 1 2002
2533 1 2002
2534 1 2002
2535 1 2002
2536 1 2002
2537 1 2002
2538 1 2002
2539 1 2002
2540 1 2002
2541 1 2002
2542 1 2002
2543 1 2002
2544 1 2002
2545 1 2002
2546 1 2002
2547 1 2002
2548 1 2002
2549 1 2002
2550 1 2002
2551 1 2002
2552 1 2002
2553 1 2002
2554 1 2002
2555 1 2002
2556 1 2002
2557 1 2002
2558 1 2002
2559 1 2002
2560 1 2002
2561 1 2002
2562 1 2002
2563 1 2002
2564 1 2002
2565 1 2002
2566 1 2002
2567 1 2002
2568 1 2002
2569 1 2002
2570 1 2002
2571 1 2002
2572 1 2002
2573 1 2002
2574 1 2002
2575 1 2002
2576 1 2002
2577 1 2002
2578 1 2002
2579 1 2002
2580 1 2002
2581 1 2002
2582 1 2002
2583 1 2002
2584 1 2002
2585 1 2002
2586 1 2002
2587 1 2002
2588 1 2002
2589 1 2002
2590 1 2002
2591 1 2002
2592 1 2002
2593 1 2002
2594 1 2002
2595 1 2002
2596 1 2002
2597 1 2002
2598 1 2002
2599 1 2002
2600 1 2002
2601 1 2002
2602 1 2002
2603 1 2002
2604 1 2002
2605 1 2002
2606 1 2002
2607 1 2002
2608 1 2002
2609 1 2002
2610 1 2002
2611 1 2002
2612 1 2002
2613 1 2002
2614 1 2002
2615 1 2002
2616 1 2002
2617 1 2002
2618 1 2002
2619 1 2002
2620 1 2002
2621 1 2002
2622 1 2002
2623 1 2002
2624 1 2002
2625 1 2002
2626 1 2002
2627 1 2002
2628 1 2002
2629 1 2002
2630 1 2002
2631 1 2002
2632 1 2002
2633 1 2002
2634 1 2002
2635 1 2002
2636 1 2002
2637 1 2002
2638 1 2002
2639 1 2002
2640 1 2002
2641 1 2002
2642 1 2002
2643 1 2002
2644 1 2002
2645 1 2002
2646 1 2002
2647 1 2002
2648 1 2002
2649 1 2002
2650 1 2002
2651 1 2002
2652 1 2002
2653 1 2002
2654 1 2002
2655 1 2002
2656 1 2002
2657 1 2002
2658 1 2002
2659 1 2002
2660 1 2002
2661 1 2002
2662 1 2002
2663 1 2002
2664 1 2002
2665 1 2002
2666 1 2002
2667 1 2002
2668 1 2002
2669 1 2002
2670 1 2002
2671 1 2002
2672 1 2002
2673 1 2002
2674 1 2002
2675 1 2002
2676 1 2002
2677 1 2002
2678 1 2002
2679 1 2002
2680 1 2002
2681 1 2002
2682 1 2002
2683 1 2002
2684 1 2002
2685 1 2002
2686 1 2002
2687 1 2002
2688 1 2002
2689 1 2002
2690 1 2002
2691 1 2002
2692 1 2002
2693 1 2002
2694 1 2002
2695 1 2002
2696 1 2002
2697 1 2002
2698 1 2002
2699 1 2002
2700 1 2002
2701 1 2002
2702 1 2002
2703 1 2002
2704 1 2002
2705 1 2002
2706 1 2002
2707 1 2002
2708 1 2002
2709 1 2002
2710 1 2002
2711 1 2002
2712 1 2002
2713 1 2002
2714 1 2002
2715 1 2002
2716 1 2002
2717 1 2002
2718 1 2002
2719 1 2002
2720 1 2002
2721 1 2002
2722 1 2002
2723 1 2002
2724 1 2002
2725 1 2002
2726 1 2002
2727 1 2002
2728 1 2002
2729 1 2002
2730 1 2002
2731 1 2002
2732 1 2002
2733 1 2002
2734 1 2002
2735 1 2002
2736 1 2002
2737 1 2002
2738 1 2002
2739 1 2002
2740 1 2002
2741 1 2002
2742 1 2002
2743 1 2002
2744 1 2002
2745 1 2002
2746 1 2002
2747 1 2002
2748 1 2002
2749 1 2002
2750 1 2002
2751 1 2002
2752 1 2002
2753 1 2002
2754 1 2002
2755 1 2002
2756 1 2002
2757 1 2002
2758 1 2002
2759 1 2002
2760 1 2002
2761 1 2002
2762 1 2002
2763 1 2002
2764 1 2002
2765 1 2002
2766 1 2002
2767 1 2002
2768 1 2002
2769 1 2002
2770 1 2002
2771 1 2002
2772 1 2002
2773 1 2002
2774 1 2002
2775 1 2002
2776 1 2002
2777 1 2002
2778 1 2002
2779 1 2002
2780 1 2002
2781 1 2002
2782 1 2002
2783 1 2002
2784 1 2002
2785 1 2002
2786 1 2002
2787 1 2002
2788 1 2002
2789 1 2002
2790 1 2002
2791 1 2002
2792 1 2002
2793 1 2002
2794 1 2002
2795 1 2002
2796 1 2002
2797 1 2002
2798 1 2002
2799 1 2002
2800 1 2002
2801 1 2002
2802 1 2002
2803 1 2002
2804 1 2002
2805 1 2002
2806 1 2002
2807 1 2002
2808 1 2002
2809 1 2002
2810 1 2002
2811 1 2002
2812 1 2002
2813 1 2002
2814 1 2002
2815 1 2002
2816 1 2002
2817 1 2002
2818 1 2002
2819 1 2002
2820 1 2002
2821 1 2002
2822 1 2002
2823 1 2002
2824 1 2002
2825 1 2002
2826 1 2002
2827 1 2002
2828 1 2002
2829 1 2002
2830 1 2002
2831 1 2002
2832 1 2002
2833 1 2002
2834 1 2002
2835 1 2002
2836 1 2002
2837 1 2002
2838 1 2002
2839 1 2002
2840 1 2002
2841 1 2002
2842 1 2002
2843 1 2002
2844 1 2002
2845 1 2002
2846 1 2002
2847 1 2002
2848 1 2002
2849 1 2002
2850 1 2002
2851 1 2002
2852 1 2002
2853 1 2002
2854 1 2002
2855 1 2002
2856 1 2002
2857 1 2002
2858 1 2002
2859 1 2002
2860 1 2002
2861 1 2002
2862 1 2002
2863 1 2002
2864 1 2002
2865 1 2002
2866 1 2002
2867 1 2002
2868 1 2002
2869 1 2002
2870 1 2002
2871 1 2002
2872 1 2002
2873 1 2002
2874 1 2002
2875 1 2002
2876 1 2002
2877 1 2002
2878 1 2002
2879 1 2002
2880 1 2002
2881 1 2002
2882 1 2002
2883 1 2002
2884 1 2002
2885 1 2002
2886 1 2002
2887 1 2002
2888 1 2002
2889 1 2002
2890 1 2002
2891 1 2002
2892 1 2002
2893 1 2002
2894 1 2002
2895 1 2002
2896 1 2002
2897 1 2002
2898 1 2002
2899 1 2002
2900 1 2002
2901 1 2002
2902 1 2002
2903 1 2002
2904 1 2002
2905 1 2002
2906 1 2002
2907 1 2002
2908 1 2002
2909 1 2002
2910 1 2002
2911 1 2002
2912 1 2002
2913 1 2002
2914 1 2002
2915 1 2002
2916 1 2002
2917 1 2002
2918 1 2002
2919 1 2002
2920 1 2002
2921 1 2002
2922 1 2002
2923 1 2002
2924 1 2002
2925 1 2002
2926 1 2002
2927 1 2002
2928 1 2002
2929 1 2002
2930 1 2002
2931 1 2002
2932 1 2002
2933 1 2002
2934 1 2002
2935 1 2002
2936 1 2002
2937 1 2002
2938 1 2002
2939 1 2002
2940 1 2002
2941 1 2002
2942 1 2002
2943 1 2002
2944 1 2002
2945 1 2002
2946 1 2002
2947 1 2002
2948 1 2002
2949 1 2002
2950 1 2002
2951 1 2002
2952 1 2002
2953 1 2002
2954 1 2002
2955 1 2002
2956 1 2002
2957 1 2002
2958 1 2002
2959 1 2002
2960 1 2002
2961 1 2002
2962 1 2002
2963 1 2002
2964 1 2002
2965 1 2002
2966 1 2002
2967 1 2002
2968 1 2002
2969 1 2002
2970 1 2002
2971 1 2002
2972 1 2002
2973 1 2002
2974 1 2002
2975 1 2002
2976 1 2002
2977 1 2002
2978 1 2002
2979 1 2002
2980 1 2002
2981 1 2002
2982 1 2002
2983 1 2002
2984 1 2002
2985 1 2002
2986 1 2002
2987 1 2002
2988 1 2002
2989 1 2002
2990 1 2002
2991 1 2002
2992 1 2002
2993 1 2002
2994 1 2002
2995 1 2002
2996 1 2002
2997 1 2002
2998 1 2002
2999 1 2002
3000 1 2002
3001 1 2002
3002 1 2002
3003 1 2002
3004 1 2002
3005 1 2002
3006 1 2002
3007 1 2002
3008 1 2002
3009 1 2002
3010 1 2002
3011 1 2002
3012 1 2002
3013 1 2002
3014 1 2002
3015 1 2002
3016 1 2002
3017 1 2002
3018 1 2002
3019 1 2002
3020 1 2002
3021 1 2002
3022 1 2002
3023 1 2002
3024 1 2002
3025 1 2002
3026 1 2002
3027 1 2002
3028 1 2002
3029 1 2002
3030 1 2002
3031 1 2002
3032 1 2002
3033 1 2002
3034 1 2002
3035 1 2002
3036 1 2002
3037 1 2002
3038 1 2002
3039 1 2002
3040 1 2002
3041 1 2002
3042 1 2002
3043 1 2002
3044 1 2002
3045 1 2002
3046 1 2002
3047 1 2002
3048 1 2002
3049 1 2002
3050 1 2002
3051 1 2002
3052 1 2002
3053 1 2002
3054 1 2002
3055 1 2002
3056 1 2002
3057 1 2002
3058 1 2002
3059 1 2002
3060 1 2002
3061 1 2002
3062 1 2002
3063 1 2002
3064 1 2002
3065 1 2002
3066 1 2002
3067 1 2002
3068 1 2002
3069 1 2002
3070 1 2002
3071 1 2002
3072 1 2002
3073 1 2002
3074 1 2002
3075 1 2002
3076 1 2002
3077 1 2002
3078 1 2002
3079 1 2002
3080 1 2002
3081 1 2002
3082 1 2002
3083 1 2002
3084 1 2002
3085 1 2002
3086 1 2002
3087 1 2002
3088 1 2002
3089 1 2002
3090 1 2002
3091 1 2002
3092 1 2002
3093 1 2002
3094 1 2002
3095 1 2002
3096 1 2002
3097 1 2002
3098 1 2002
3099 1 2002
3100 1 2002
3101 1 2002
3102 1 2002
3103 1 2002
3104 1 2002
3105 1 2002
3106 1 2002
3107 1 2002
3108 1 2002
3109 1 2002
3110 1 2002
3111 1 2002
3112 1 2002
3113 1 2002
3114 1 2002
3115 1 2002
3116 1 2002
3117 1 2002
3118 1 2002
3119 1 2002
3120 1 2002
3121 1 2002
3122 1 2002
3123 1 2002
3124 1 2002
3125 1 2002
3126 1 2002
3127 1 2002
3128 1 2002
3129 1 2002
3130 1 2002
3131 1 2002
3132 1 2002
3133 1 2002
3134 1 2002
3135 1 2002
3136 1 2002
3137 1 2002
3138 1 2002
3139 1 2002
3140 1 2002
3141 1 2002
3142 1 2002
3143 1 2002
3144 1 2002
3145 1 2002
3146 1 2002
3147 1 2002
3148 1 2002
3149 1 2002
3150 1 2002
3151 1 2002
3152 1 2002
3153 1 2002
3154 1 2002
3155 1 2002
3156 1 2002
3157 1 2002
3158 1 2002
3159 1 2002
3160 1 2002
3161 1 2002
3162 1 2002
3163 1 2002
3164 1 2002
3165 1 2002
3166 1 2002
3167 1 2002
3168 1 2002
3169 1 2002
3170 1 2002
3171 1 2002
3172 1 2002
3173 1 2002
3174 1 2002
3175 1 2002
3176 1 2002
3177 1 2002
3178 1 2002
3179 1 2002
3180 1 2002
3181 1 2002
3182 1 2002
3183 1 2002
3184 1 2002
3185 1 2002
3186 1 2002
3187 1 2002
3188 1 2002
3189 1 2002
3190 1 2002
3191 1 2002
3192 1 2002
3193 1 2002
3194 1 2002
3195 1 2002
3196 1 2002
3197 1 2002
3198 1 2002
3199 1 2002
3200 1 2002
3201 1 2002
3202 1 2002
3203 1 2002
3204 1 2002
3205 1 2002
3206 1 2002
3207 1 2002
3208 1 2002
3209 1 2002
3210 1 2002
3211 1 2002
3212 1 2002
3213 1 2002
3214 1 2002
3215 1 2002
3216 1 2002
3217 1 2002
3218 1 2002
3219 1 2002
3220 1 2002
3221 1 2002
3222 1 2002
3223 1 2002
3224 1 2002
3225 1 2002
3226 1 2002
3227 1 2002
3228 1 2002
3229 1 2002
3230 1 2002
3231 1 2002
3232 1 2002
3233 1 2002
3234 1 2002
3235 1 2002
3236 1 2002
3237 1 2002
3238 1 2002
3239 1 2002
3240 1 2002
3241 1 2002
3242 1 2002
3243 1 2002
3244 1 2002
3245 1 2002
3246 1 2002
3247 1 2002
3248 1 2002
3249 1 2002
3250 1 2002
3251 1 2002
3252 1 2002
3253 1 2002
3254 1 2002
3255 1 2002
3256 1 2002
3257 1 2002
3258 1 2002
3259 1 2002
3260 1 2002
3261 1 2002
3262 1 2002
3263 1 2002
3264 1 2002
3265 1 2002
3266 1 2002
3267 1 2002
3268 1 2002
3269 1 2002
3270 1 2002
3271 1 2002
3272 1 2002
3273 1 2002
3274 1 2002
3275 1 2002
3276 1 2002
3277 1 2002
3278 1 2002
3279 1 2002
3280 1 2002
3281 1 2002
3282 1 2002
3283 1 2002
3284 1 2002
3285 1 2002
3286 1 2002
3287 1 2002
3288 1 2002
3289 1 2002
3290 1 2002
3291 1 2002
3292 1 2002
3293 1 2002
3294 1 2002
3295 1 2002
3296 1 2002
3297 1 2002
3298 1 2002
3299 1 2002
3300 1 2002
3301 1 2002
3302 1 2002
3303 1 2002
3304 1 2002
3305 1 2002
3306 1 2002
3307 1 2002
3308 1 2002
3309 1 2002
3310 1 2002
3311 1 2002
3312 1 2002
3313 1 2002
3314 1 2002
3315 1 2002
3316 1 2002
3317 1 2002
3318 1 2002
3319 1 2002
3320 1 2002
3321 1 2002
3322 1 2002
3323 1 2002
3324 1 2002
3325 1 2002
3326 1 2002
3327 1 2002
3328 1 2002
3329 1 2002
3330 1 2002
3331 1 2002
3332 1 2002
3333 1 2002
3334 1 2002
3335 1 2002
3336 1 2002
3337 1 2002
3338 1 2002
3339 1 2002
3340 1 2002
3341 1 2002
3342 1 2002
3343 1 2002
3344 1 2002
3345 1 2002
3346 1 2002
3347 1 2002
3348 1 2002
3349 1 2002
3350 1 2002
3351 1 2002
3352 1 2002
3353 1 2002
3354 1 2002
3355 1 2002
3356 1 2002
3357 1 2002
3358 1 2002
3359 1 2002
3360 1 2002
3361 1 2002
3362 1 2002
3363 1 2002
3364 1 2002
3365 1 2002
3366 1 2002
3367 1 2002
3368 1 2002
3369 1 2002
3370 1 2002
3371 1 2002
3372 1 2002
3373 1 2002
3374 1 2002
3375 1 2002
3376 1 2002
3377 1 2002
3378 1 2002
3379 1 2002
3380 1 2002
3381 1 2002
3382 1 2002
3383 1 2002
3384 1 2002
3385 1 2002
3386 1 2002
3387 1 2002
3388 1 2002
3389 1 2002
3390 1 2002
3391 1 2002
3392 1 2002
3393 1 2002
3394 1 2002
3395 1 2002
3396 1 2002
3397 1 2002
3398 1 2002
3399 1 2002
3400 1 2002
3401 1 2002
3402 1 2002
3403 1 2002
3404 1 2002
3405 1 2002
3406 1 2002
3407 1 2002
3408 1 2002
3409 1 2002
3410 1 2002
3411 1 2002
3412 1 2002
3413 1 2002
3414 1 2002
3415 1 2002
3416 1 2002
3417 1 2002
3418 1 2002
3419 1 2002
3420 1 2002
3421 1 2002
3422 1 2002
3423 1 2002
3424 1 2002
3425 1 2002
3426 1 2002
3427 1 2002
3428 1 2002
3429 1 2002
3430 1 2002
3431 1 2002
3432 1 2002
3433 1 2002
3434 1 2002
3435 1 2002
3436 1 2002
3437 1 2002
3438 1 2002
3439 1 2002
3440 1 2002
3441 1 2002
3442 1 2002
3443 1 2002
3444 1 2002
3445 1 2002
3446 1 2002
3447 1 2002
3448 1 2002
3449 1 2002
3450 1 2002
3451 1 2002
3452 1 2002
3453 1 2002
3454 1 2002
3455 1 2002
3456 1 2002
3457 1 2002
3458 1 2002
3459 1 2002
3460 1 2002
3461 1 2002
3462 1 2002
3463 1 2002
3464 1 2002
3465 1 2002
3466 1 2002
3467 1 2002
3468 1 2002
3469 1 2002
3470 1 2002
3471 1 2002
3472 1 2002
3473 1 2002
3474 1 2002
3475 1 2002
3476 1 2002
3477 1 2002
3478 1 2002
3479 1 2002
3480 1 2002
3481 1 2002
3482 1 2002
3483 1 2002
3484 1 2002
3485 1 2002
3486 1 2002
3487 1 2002
3488 1 2002
3489 1 2002
3490 1 2002
3491 1 2002
3492 1 2002
3493 1 2002
3494 1 2002
3495 1 2002
3496 1 2002
3497 1 2002
3498 1 2002
3499 1 2002
3500 1 2002
3501 1 2002
3502 1 2002
3503 1 2002
3504 1 2002
3505 1 2002
3506 1 2002
3507 1 2002
3508 1 2002
3509 1 2002
3510 1 2002
3511 1 2002
3512 1 2002
3513 1 2002
3514 1 2002
3515 1 2002
3516 1 2002
3517 1 2002
3518 1 2002
3519 1 2002
3520 1 2002
3521 1 2002
3522 1 2002
3523 1 2002
3524 1 2002
3525 1 2002
3526 1 2002
3527 1 2002
3528 1 2002
3529 1 2002
3530 1 2002
3531 1 2002
3532 1 2002
3533 1 2002
3534 1 2002
3535 1 2002
3536 1 2002
3537 1 2002
3538 1 2002
3539 1 2002
3540 1 2002
3541 1 2002
3542 1 2002
3543 1 2002
3544 1 2002
3545 1 2002
3546 1 2002
3547 1 2002
3548 1 2002
3549 1 2002
3550 1 2002
3551 1 2002
3552 1 2002
3553 1 2002
3554 1 2002
3555 1 2002
3556 1 2002
3557 1 2002
3558 1 2002
3559 1 2002
3560 1 2002
3561 1 2002
3562 1 2002
3563 1 2002
3564 1 2002
3565 1 2002
3566 1 2002
3567 1 2002
3568 1 2002
3569 1 2002
3570 1 2002
3571 1 2002
3572 1 2002
3573 1 2002
3574 1 2002
3575 1 2002
3576 1 2002
3577 1 2002
3578 1 2002
3579 1 2002
3580 1 2002
3581 1 2002
3582 1 2002
3583 1 2002
3584 1 2002
3585 1 2002
3586 1 2002
3587 1 2002
3588 1 2002
3589 1 2002
3590 1 2002
3591 1 2002
3592 1 2002
3593 1 2002
3594 1 2002
3595 1 2002
3596 1 2002
3597 1 2002
3598 1 2002
3599 1 2002
3600 1 2002
3601 1 2002
3602 1 2002
3603 1 2002
3604 1 2002
3605 1 2002
3606 1 2002
3607 1 2002
3608 1 2002
3609 1 2002
3610 1 2002
3611 1 2002
3612 1 2002
3613 1 2002
3614 1 2002
3615 1 2002
3616 1 2002
3617 1 2002
3618 1 2002
3619 1 2002
3620 1 2002
3621 1 2002
3622 1 2002
3623 1 2002
3624 1 2002
3625 1 2002
3626 1 2002
3627 1 2002
3628 1 2002
3629 1 2002
3630 1 2002
3631 1 2002
3632 1 2002
3633 1 2002
3634 1 2002
3635 1 2002
3636 1 2002
3637 1 2002
3638 1 2002
3639 1 2002
3640 1 2002
3641 1 2002
3642 1 2002
3643 1 2002
3644 1 2002
3645 1 2002
3646 1 2002
3647 1 2002
3648 1 2002
3649 1 2002
3650 1 2002
3651 1 2002
3652 1 2002
3653 1 2002
3654 1 2002
3655 1 2002
3656 1 2002
3657 1 2002
3658 1 2002
3659 1 2002
3660 1 2002
3661 1 2002
3662 1 2002
3663 1 2002
3664 1 2002
3665 1 2002
3666 1 2002
3667 1 2002
3668 1 2002
3669 1 2002
3670 1 2002
3671 1 2002
3672 1 2002
3673 1 2002
3674 1 2002
3675 1 2002
3676 1 2002
3677 1 2002
3678 1 2002
3679 1 2002
3680 1 2002
3681 1 2002
3682 1 2002
3683 1 2002
3684 1 2002
3685 1 2002
3686 1 2002
3687 1 2002
3688 1 2002
3689 1 2002
3690 1 2002
3691 1 2002
3692 1 2002
3693 1 2002
3694 1 2002
3695 1 2002
3696 1 2002
3697 1 2002
3698 1 2002
3699 1 2002
3700 1 2002
3701 1 2002
3702 1 2002
3703 1 2002
3704 1 2002
3705 1 2002
3706 1 2002
3707 1 2002
3708 1 2002
3709 1 2002
3710 1 2002
3711 1 2002
3712 1 2002
3713 1 2002
3714 1 2002
3715 1 2002
3716 1 2002
3717 1 2002
3718 1 2002
3719 1 2002
3720 1 2002
3721 1 2002
3722 1 2002
3723 1 2002
3724 1 2002
3725 1 2002
3726 1 2002
3727 1 2002
3728 1 2002
3729 1 2002
3730 1 2002
3731 1 2002
3732 1 2002
3733 1 2002
3734 1 2002
3735 1 2002
3736 1 2002
3737 1 2002
3738 1 2002
3739 1 2002
3740 1 2002
3741 1 2002
3742 1 2002
3743 1 2002
3744 1 2002
3745 1 2002
3746 1 2002
3747 1 2002
3748 1 2002
3749 1 2002
3750 1 2002
3751 1 2002
3752 1 2002
3753 1 2002
3754 1 2002
3755 1 2002
3756 1 2002
3757 1 2002
3758 1 2002
3759 1 2002
3760 1 2002
3761 1 2002
3762 1 2002
3763 1 2002
3764 1 2002
3765 1 2002
3766 1 2002
3767 1 2002
3768 1 2002
3769 1 2002
3770 1 2002
3771 1 2002
3772 1 2002
3773 1 2002
3774 1 2002
3775 1 2002
3776 1 2002
3777 1 2002
3778 1 2002
3779 1 2002
3780 1 2002
3781 1 2002
3782 1 2002
3783 1 2002
3784 1 2002
3785 1 2002
3786 1 2002
3787 1 2002
3788 1 2002
3789 1 2002
3790 1 2002
3791 1 2002
3792 1 2002
3793 1 2002
3794 1 2002
3795 1 2002
3796 1 2002
3797 1 2002
3798 1 2002
3799 1 2002
3800 1 2002
3801 1 2002
3802 1 2002
3803 1 2002
3804 1 2002
3805 1 2002
3806 1 2002
3807 1 2002
3808 1 2002
3809 1 2002
3810 1 2002
3811 1 2002
3812 1 2002
3813 1 2002
3814 1 2002
3815 1 2002
3816 1 2002
3817 1 2002
3818 1 2002
3819 1 2002
3820 1 2002
3821 1 2002
3822 1 2002
3823 1 2002
3824 1 2002
3825 1 2002
3826 1 2002
3827 1 2002
3828 1 2002
3829 1 2002
3830 1 2002
3831 1 2002
3832 1 2002
3833 1 2002
3834 1 2002
3835 1 2002
3836 1 2002
3837 1 2002
3838 1 2002
3839 1 2002
3840 1 2002
3841 1 2002
3842 1 2002
3843 1 2002
3844 1 2002
3845 1 2002
3846 1 2002
3847 1 2002
3848 1 2002
3849 1 2002
3850 1 2002
3851 1 2002
3852 1 2002
3853 1 2002
3854 1 2002
3855 1 2002
3856 1 2002
3857 1 2002
3858 1 2002
3859 1 2002
3860 1 2002
3861 1 2002
3862 1 2002
3863 1 2002
3864 1 2002
3865 1 2002
3866 1 2002
3867 1 2002
3868 1 2002
3869 1 2002
3870 1 2002
3871 1 2002
3872 1 2002
3873 1 2002
3874 1 2002
3875 1 2002
3876 1 2002
3877 1 2002
3878 1 2002
3879 1 2002
3880 1 2002
3881 1 2002
3882 1 2002
3883 1 2002
3884 1 2002
3885 1 2002
3886 1 2002
3887 1 2002
3888 1 2002
3889 1 2002
3890 1 2002
3891 1 2002
3892 1 2002
3893 1 2002
3894 1 2002
3895 1 2002
3896 1 2002
3897 1 2002
3898 1 2002
3899 1 2002
3900 1 2002
3901 1 2002
3902 1 2002
3903 1 2002
3904 1 2002
3905 1 2002
3906 1 2002
3907 1 2002
3908 1 2002
3909 1 2002
3910 1 2002
3911 1 2002
3912 1 2002
3913 1 2002
3914 1 2002
3915 1 2002
3916 1 2002
3917 1 2002
3918 1 2002
3919 1 2002
3920 1 2002
3921 1 2002
3922 1 2002
3923 1 2002
3924 1 2002
3925 1 2002
3926 1 2002
3927 1 2002
3928 1 2002
3929 1 2002
3930 1 2002
3931 1 2002
3932 1 2002
3933 1 2002
3934 1 2002
3935 1 2002
3936 1 2002
3937 1 2002
3938 1 2002
3939 1 2002
3940 1 2002
3941 1 2002
3942 1 2002
3943 1 2002
3944 1 2002
3945 1 2002
3946 1 2002
3947 1 2002
3948 1 2002
3949 1 2002
3950 1 2002
3951 1 2002
3952 1 2002
3953 1 2002
3954 1 2002
3955 1 2002
3956 1 2002
3957 1 2002
3958 1 2002
3959 1 2002
3960 1 2002
3961 1 2002
3962 1 2002
3963 1 2002
3964 1 2002
3965 1 2002
3966 1 2002
3967 1 2002
3968 1 2002
3969 1 2002
3970 1 2002
3971 1 2002
3972 1 2002
3973 1 2002
3974 1 2002
3975 1 2002
3976 1 2002
3977 1 2002
3978 1 2002
3979 1 2002
3980 1 2002
3981 1 2002
3982 1 2002
3983 1 2002
3984 1 2002
3985 1 2002
3986 1 2002
3987 1 2002
3988 1 2002
3989 1 2002
3990 1 2002
3991 1 2002
3992 1 2002
3993 1 2002
3994 1 2002
3995 1 2002
3996 1 2002
3997 1 2002
3998 1 2002
3999 1 2002
4000 1 2002
4001 1 2002
4002 1 2002
