horizontal segments 3000
592 979 941
666 715 505
854 874 182
184 527 70
277 444 664
459 461 245
673 965 398
25 358 485
537 594 72
685 963 320
920 969 753
485 856 380
633 665 352
924 984 451
880 881 601
507 526 106
843 868 935
728 989 951
571 630 319
699 757 551
631 678 992
181 522 905
383 395 62
42 153 610
164 836 21
771 790 855
572 584 703
233 344 932
314 805 297
547 725 570
111 493 940
887 936 254
225 266 463
522 624 515
754 882 219
208 771 945
897 932 585
374 655 69
67 832 66
778 975 244
577 852 903
811 874 25
204 514 862
473 774 627
346 565 759
789 938 694
337 385 507
558 770 756
857 932 916
261 479 59
418 954 998
318 830 69
191 973 812
747 945 164
44 229 751
222 987 622
831 891 325
536 654 334
194 516 566
473 825 463
579 639 563
861 915 473
332 587 643
987 994 788
498 784 744
139 741 886
149 896 85
294 980 734
965 984 1
900 950 7
391 499 342
393 882 342
425 430 865
273 392 228
484 963 177
135 819 953
486 793 243
714 755 858
700 911 638
550 747 295
795 818 520
867 972 857
857 988 224
147 975 667
772 879 410
130 803 399
476 984 308
717 973 555
705 718 182
91 687 838
787 920 750
53 642 153
82 767 477
77 573 575
274 409 622
900 929 280
516 919 316
964 984 903
307 661 386
350 808 437
910 942 452
140 596 186
522 802 280
432 944 506
499 640 675
575 915 636
657 985 921
882 967 907
306 787 722
76 715 130
395 702 690
513 581 380
15 783 319
542 574 141
247 766 594
24 926 226
699 879 632
363 750 156
570 887 554
937 943 486
180 731 541
947 987 775
822 917 891
2 630 188
737 781 624
889 965 196
914 990 596
529 648 700
555 587 174
532 924 828
128 551 119
571 983 869
963 998 508
630 664 156
622 881 808
365 435 465
477 487 720
128 331 561
714 997 976
640 741 230
652 734 212
242 310 353
999 1000 188
859 935 352
223 714 209
246 463 641
491 495 59
406 410 21
28 605 861
519 571 61
318 407 889
757 831 211
919 939 963
661 957 31
580 892 966
11 748 410
507 640 695
676 901 750
411 515 324
735 909 917
198 261 820
205 468 497
698 784 121
274 683 57
759 929 158
91 156 305
333 502 951
856 901 82
557 815 302
147 238 178
266 924 920
452 774 783
549 609 201
212 691 908
738 980 222
812 990 250
639 994 660
41 101 418
803 914 680
542 585 517
737 877 917
799 981 615
525 777 319
491 762 7
677 760 111
807 907 370
844 929 6
59 467 582
453 667 545
712 944 578
279 433 24
139 227 738
565 783 646
698 923 539
498 573 682
183 941 385
756 910 350
413 518 520
587 821 223
370 923 898
707 954 34
385 705 829
657 886 52
543 623 889
252 829 177
825 910 173
605 954 110
48 561 218
489 652 538
399 580 845
669 989 282
828 842 849
62 754 187
71 106 595
597 629 451
223 397 823
424 675 332
968 980 553
609 614 809
424 822 704
15 277 935
608 925 461
966 992 294
376 863 347
648 857 877
398 889 909
21 510 193
815 929 629
989 992 821
977 988 520
605 806 23
908 991 566
689 774 833
361 462 265
711 839 87
823 828 949
914 948 657
674 825 577
109 407 543
76 393 136
299 748 383
378 572 785
927 954 768
601 773 564
370 592 430
365 837 149
750 992 965
42 287 807
156 857 520
425 592 278
780 824 502
507 597 467
733 869 375
560 592 318
945 973 840
630 879 563
816 991 93
468 758 360
304 630 636
378 967 602
510 601 568
45 959 979
890 925 456
880 923 678
879 965 47
932 953 327
315 845 320
548 901 419
630 724 675
545 866 39
780 845 535
536 750 596
210 535 578
747 796 161
992 996 526
319 808 892
197 672 781
169 176 105
702 806 904
662 906 749
780 913 927
223 637 437
624 765 590
572 874 913
334 906 733
997 999 761
602 609 4
664 764 198
458 482 941
669 928 901
618 938 36
69 304 118
470 904 629
779 910 214
860 871 535
906 999 697
462 465 286
489 713 33
616 752 855
431 741 862
777 896 114
502 674 32
906 962 905
749 824 32
934 959 526
757 1000 90
877 891 473
630 787 376
836 980 570
332 736 63
138 854 373
475 887 681
312 520 462
473 919 810
395 433 900
420 964 49
814 925 508
798 858 42
418 766 904
643 690 506
246 383 185
709 808 36
626 706 360
17 668 46
525 859 335
907 932 316
458 888 925
132 770 464
202 457 887
302 909 1000
620 758 343
92 213 713
758 771 373
4 169 512
171 801 298
853 947 160
873 940 234
419 991 235
756 766 551
903 973 873
733 897 649
234 591 1
757 952 929
654 881 170
423 958 555
176 842 532
308 902 850
35 804 693
627 882 171
534 971 475
248 719 569
211 320 136
487 972 223
710 909 460
183 234 297
105 119 698
869 876 937
183 337 397
510 787 646
169 847 852
949 958 765
833 903 226
437 466 879
91 95 372
419 588 867
818 911 734
457 879 393
602 949 277
160 482 73
642 776 257
552 948 775
856 997 869
655 835 843
729 782 454
476 666 313
205 319 258
805 829 106
900 904 739
307 315 492
87 362 648
716 960 533
719 737 28
995 998 681
449 788 486
271 984 574
221 954 275
797 988 757
712 919 240
482 993 976
732 971 610
416 551 868
885 924 685
341 717 692
890 948 227
791 971 622
552 657 907
943 954 258
887 982 566
571 987 673
193 433 887
560 599 932
166 340 909
928 948 793
191 886 24
787 961 865
687 967 445
387 801 547
148 152 55
380 577 943
934 985 897
764 792 620
529 937 78
164 328 535
822 982 871
530 636 245
635 802 319
249 465 992
377 765 823
871 885 930
169 456 256
890 930 189
708 846 493
132 618 536
255 573 228
694 769 148
393 625 385
501 814 920
938 983 18
606 845 999
193 929 975
162 368 823
237 895 463
914 993 29
790 859 507
625 894 168
815 880 293
885 945 965
404 935 807
83 181 948
840 999 483
548 685 593
425 951 977
256 842 840
741 960 779
628 779 638
757 801 724
255 760 376
686 740 455
325 428 105
912 963 638
184 311 457
888 889 456
955 975 231
170 833 737
197 673 239
518 609 988
101 701 260
374 740 700
100 580 116
765 957 5
347 746 359
407 863 732
260 955 997
360 660 807
691 920 484
653 895 558
929 935 244
967 979 81
127 867 278
194 278 731
785 977 792
457 905 166
338 548 172
405 812 269
526 740 896
594 728 834
314 963 950
522 870 135
630 829 403
59 281 395
953 967 102
780 954 965
880 966 199
406 542 686
531 764 59
131 449 484
41 42 880
583 641 513
346 959 808
223 465 590
506 979 907
952 996 721
561 888 197
943 984 335
252 464 308
668 838 366
14 665 296
804 965 660
337 578 653
776 902 161
43 86 742
481 918 319
488 558 226
656 999 760
921 958 79
207 256 686
890 921 847
270 367 574
394 774 271
755 893 208
917 957 80
459 772 187
847 883 20
884 946 128
479 992 287
760 982 627
477 822 340
355 422 393
119 919 579
7 814 583
621 732 672
674 746 474
449 991 372
524 528 111
461 863 969
496 750 12
399 798 69
842 967 990
638 646 748
828 933 299
820 902 766
626 666 102
432 603 657
680 783 165
862 866 329
272 679 225
693 923 856
624 917 486
214 962 558
396 401 464
72 80 434
393 804 17
349 664 480
415 860 908
645 688 974
104 758 824
542 819 559
173 246 978
797 824 755
260 598 435
209 581 205
701 911 607
45 170 934
338 729 871
964 990 202
619 640 954
258 808 466
551 701 599
996 998 678
847 954 585
323 408 303
673 779 18
984 993 266
407 682 967
945 987 944
796 808 167
425 472 595
428 556 3
617 890 818
824 995 205
718 947 733
954 982 941
595 769 98
410 713 864
923 997 765
818 928 106
304 408 621
454 967 520
715 927 38
925 960 498
774 902 705
833 910 969
933 959 543
112 708 242
604 947 895
63 322 764
171 871 102
16 192 399
907 928 877
836 896 281
561 586 454
101 829 430
623 745 158
839 979 806
536 582 119
986 995 717
137 879 175
755 760 777
611 691 388
429 559 200
497 888 646
733 884 261
413 854 591
279 439 296
611 899 253
17 250 252
766 911 706
824 998 998
478 989 701
461 913 728
394 577 200
655 988 344
151 933 339
141 980 23
171 444 463
99 694 423
485 520 901
603 799 667
752 858 118
721 886 262
77 627 360
197 224 123
128 568 165
411 940 752
771 849 908
326 483 356
424 998 238
36 537 54
804 849 608
272 522 426
762 921 127
996 999 955
982 996 738
612 924 671
764 785 727
860 892 818
46 231 34
50 298 348
710 988 109
43 261 537
31 766 689
696 736 504
38 671 248
303 377 368
726 913 440
987 989 186
416 420 36
888 938 633
293 674 909
678 925 875
728 957 495
968 994 638
458 813 974
278 611 768
811 968 348
196 979 127
507 552 707
874 947 294
153 511 738
72 222 631
999 1000 554
512 764 910
84 118 564
812 909 700
295 417 881
961 964 75
906 980 337
574 966 177
280 671 222
138 852 144
25 167 418
13 979 35
490 595 89
841 935 381
234 900 697
344 769 160
849 861 281
350 965 477
302 780 390
762 965 882
493 860 930
415 947 825
806 905 279
885 902 656
141 292 791
4 867 624
730 984 967
843 930 852
7 102 742
583 801 182
688 933 538
595 765 173
171 769 725
210 707 270
389 415 728
888 905 204
108 325 339
195 707 624
48 56 202
293 404 919
494 673 453
287 758 612
788 850 226
194 221 216
323 570 848
221 844 433
317 821 784
491 843 187
106 765 661
102 977 916
323 519 140
804 814 435
609 616 947
7 176 602
526 656 480
173 586 72
68 572 283
277 593 160
482 697 296
903 976 236
455 473 850
158 846 573
16 124 46
396 935 946
656 989 370
737 918 193
288 905 205
338 550 817
335 991 241
326 328 264
335 728 612
949 996 201
571 789 929
60 518 798
344 877 607
362 712 377
122 682 211
98 496 375
321 497 434
291 456 450
497 510 680
372 958 252
91 967 761
468 927 866
555 674 505
572 929 402
892 984 77
965 987 745
753 834 554
371 478 381
752 877 638
637 913 649
150 320 474
169 497 322
216 827 712
50 767 694
401 556 406
571 727 100
959 998 792
769 882 390
98 888 75
690 759 857
911 947 43
482 942 764
449 723 434
236 365 64
296 326 831
956 987 707
710 782 662
505 576 945
989 992 129
805 880 689
729 809 626
908 991 768
104 834 10
244 791 807
294 781 877
5 614 592
362 407 487
534 983 165
792 854 567
869 899 526
362 724 597
944 958 984
616 827 587
537 885 980
748 882 590
241 558 991
650 716 199
847 998 844
307 440 879
768 855 850
693 756 504
17 270 515
439 651 261
665 756 928
949 995 654
975 993 903
445 788 112
976 989 629
147 157 53
958 970 1000
999 1000 146
851 921 926
437 883 55
178 740 58
597 642 723
359 936 160
884 992 555
500 966 488
739 876 530
804 985 257
982 998 721
771 839 606
117 459 311
109 257 991
491 742 801
41 477 36
429 654 634
972 976 420
117 390 283
891 960 61
942 973 280
785 838 744
54 985 328
878 886 244
759 873 358
529 896 217
694 972 872
109 927 430
163 597 922
418 676 902
724 929 232
644 952 169
441 681 638
339 810 352
308 717 571
878 897 125
818 948 81
73 429 131
767 915 992
79 629 98
9 769 402
586 826 103
576 868 542
367 969 351
298 986 702
523 738 472
193 723 527
253 800 620
611 640 930
783 948 420
683 820 382
860 930 538
493 826 571
570 755 289
10 639 929
502 638 151
544 966 870
940 971 435
723 810 182
243 532 361
554 670 974
293 845 191
195 645 842
893 999 314
202 446 402
32 216 518
376 753 739
412 750 757
414 987 71
637 732 567
203 844 402
146 411 922
326 844 84
231 497 9
247 531 3
655 802 831
516 620 474
70 500 585
676 740 630
44 326 463
881 900 107
903 975 282
24 907 817
749 941 805
801 872 395
82 740 405
71 115 335
43 937 522
677 976 789
532 681 284
542 979 121
784 787 59
184 669 519
295 633 408
850 932 775
264 768 357
876 901 543
125 443 116
110 407 974
969 987 324
196 788 628
14 664 507
150 927 535
174 869 783
329 900 970
447 917 203
62 568 519
586 895 292
147 863 888
893 929 401
508 683 586
933 978 352
324 433 486
219 802 81
383 932 82
166 363 224
999 1000 335
660 938 349
165 855 337
818 952 195
196 224 815
363 774 436
782 956 22
422 987 313
857 884 118
358 894 656
719 929 812
676 881 857
58 467 973
632 728 641
501 728 321
443 485 251
750 888 970
345 357 74
297 524 88
249 910 582
292 871 420
229 645 57
174 187 302
975 978 601
563 949 524
52 433 191
114 885 171
476 590 9
350 872 822
926 961 778
7 197 892
492 853 60
97 412 551
498 896 246
213 916 236
208 926 113
385 650 961
431 466 313
148 387 282
615 940 254
637 795 419
438 771 164
931 993 330
279 664 316
999 1000 108
457 915 941
330 991 68
822 957 145
850 871 432
277 950 742
997 999 12
57 861 800
162 640 193
427 872 950
606 687 869
622 823 816
822 942 453
841 924 713
481 561 860
393 966 875
740 999 946
263 482 490
646 971 453
995 1000 613
574 969 125
719 882 924
831 938 142
972 978 799
197 705 665
791 984 538
80 494 162
851 991 900
248 548 765
306 520 244
992 999 563
273 603 948
398 895 447
182 855 300
174 793 95
812 953 105
793 965 554
22 608 287
867 977 889
945 964 165
258 810 312
457 458 167
641 884 958
617 765 617
122 822 848
9 286 584
870 927 594
657 669 141
293 504 792
650 888 725
877 954 212
964 989 252
655 934 451
732 800 271
775 869 569
528 736 203
478 852 478
247 414 268
821 909 625
163 378 348
681 761 717
941 982 881
321 383 638
980 992 600
901 910 171
512 767 504
283 489 741
960 961 824
841 858 978
985 998 409
134 656 575
960 1000 573
104 759 526
613 806 940
337 841 556
353 604 838
795 915 106
233 401 907
358 907 77
897 972 115
550 705 405
379 739 671
750 828 587
370 953 677
845 855 759
752 950 521
312 315 19
809 976 293
761 896 144
588 739 522
800 964 782
550 860 142
641 952 231
319 726 728
341 578 22
803 929 883
115 213 974
355 519 770
985 999 609
733 782 497
80 882 530
615 762 235
703 715 629
439 727 606
546 829 41
888 923 542
865 978 658
477 711 258
62 205 978
904 998 627
343 881 62
253 879 361
168 921 478
944 970 593
969 992 81
511 661 614
665 759 102
682 1000 855
607 974 79
267 587 948
163 387 568
698 944 716
691 756 650
188 943 978
473 953 313
237 833 140
629 989 568
851 967 601
482 839 131
556 587 9
337 891 15
93 115 142
558 561 10
853 940 153
772 882 850
772 785 727
263 943 237
109 323 754
932 946 475
926 942 675
728 825 593
844 982 583
793 944 101
526 811 439
651 787 578
133 466 940
373 385 847
552 963 811
128 625 359
876 959 839
143 212 213
636 748 569
1 252 993
275 971 367
172 706 935
153 984 485
738 889 21
997 998 693
402 709 106
14 175 645
877 924 95
345 749 877
413 912 518
348 560 586
791 824 744
255 443 55
28 60 73
776 971 919
29 476 350
323 662 805
593 663 854
5 115 915
726 754 921
122 892 31
842 995 547
614 727 838
815 886 167
877 959 776
45 445 947
896 906 338
382 610 580
302 457 712
158 366 329
700 718 684
849 951 162
859 862 196
166 173 769
720 1000 415
552 973 885
89 319 661
11 138 867
390 911 194
672 721 338
183 735 682
180 894 784
607 747 909
897 903 446
883 997 663
270 433 969
829 859 416
671 885 242
323 410 21
135 225 129
148 916 248
917 924 51
118 209 502
862 956 990
819 867 230
263 334 444
65 495 470
30 356 915
852 961 277
249 503 137
234 382 5
953 964 891
774 862 817
812 911 155
868 884 876
932 949 177
494 992 888
882 911 366
238 305 699
347 799 564
148 825 61
786 803 170
821 990 90
892 897 656
753 913 332
485 957 659
785 939 400
136 491 391
31 642 979
658 798 629
484 563 299
835 852 768
439 495 600
741 846 293
840 864 859
971 983 202
1 592 787
664 684 559
41 61 243
971 984 443
806 994 303
329 706 914
693 806 832
256 866 523
93 480 310
904 915 636
691 730 918
147 937 723
856 873 41
660 747 677
185 334 56
705 735 744
365 581 904
902 943 59
632 690 931
918 981 523
702 915 561
788 995 630
388 537 305
72 338 286
436 543 767
285 378 420
737 990 834
335 479 879
441 819 452
10 619 18
42 515 832
88 241 899
169 342 68
34 85 782
947 999 756
604 826 302
745 868 148
134 727 935
822 996 460
660 741 976
351 916 249
984 997 592
750 762 122
579 728 4
375 865 444
705 810 946
9 748 403
986 997 336
121 967 938
248 249 96
473 985 474
329 721 52
238 610 38
80 382 374
899 901 720
880 944 417
287 623 508
365 964 578
200 287 801
450 468 782
437 886 766
505 606 540
830 970 604
536 657 413
781 858 521
833 869 480
644 802 73
531 724 686
233 757 705
928 952 910
384 669 811
302 600 800
100 507 130
959 985 517
238 785 923
56 143 243
374 586 587
974 983 329
539 854 377
364 535 790
12 419 772
73 212 906
358 401 479
833 993 837
423 752 756
412 812 406
970 972 189
871 948 584
533 843 955
556 652 291
952 999 972
367 799 200
431 582 512
803 940 371
355 520 261
108 268 827
93 641 574
624 682 229
760 996 622
645 926 973
523 704 728
940 960 530
181 492 349
611 960 136
275 481 400
725 830 634
610 620 417
873 886 382
791 883 908
377 741 642
170 952 519
30 446 186
868 995 949
482 752 821
793 940 560
193 945 317
415 753 510
884 905 513
208 893 328
894 944 725
308 615 4
664 711 595
102 720 971
200 203 365
355 709 214
389 598 485
497 853 281
916 990 272
229 629 627
445 804 881
209 732 851
795 882 748
174 238 859
139 786 113
659 907 127
798 811 24
161 706 659
151 523 375
418 918 800
661 876 658
615 784 218
858 994 891
796 805 790
626 736 183
355 419 820
104 944 144
756 877 847
476 781 427
974 982 547
86 564 471
773 970 967
73 273 796
284 655 398
584 595 558
288 466 405
831 890 92
533 812 344
885 902 965
991 992 748
288 840 510
519 948 185
804 957 342
432 947 54
440 965 209
246 417 354
40 810 142
281 907 432
310 705 907
178 902 580
956 967 182
838 866 516
575 978 207
900 909 539
510 908 219
876 899 852
144 319 976
57 198 742
246 690 610
79 774 941
382 698 867
578 799 883
718 797 68
589 611 603
66 908 470
710 803 213
797 929 610
368 988 355
879 960 29
408 610 945
400 956 486
427 566 310
948 958 620
308 548 252
323 595 362
509 563 786
675 813 423
958 988 893
444 787 308
335 443 253
586 957 231
797 846 996
428 937 715
483 861 28
700 1000 238
279 655 442
112 402 780
918 982 379
955 993 422
576 624 921
959 964 378
845 945 764
349 691 173
157 687 530
544 866 865
158 729 32
67 371 875
466 674 27
807 949 297
231 771 161
517 888 513
298 324 305
275 902 44
927 946 587
934 968 175
735 898 509
135 209 786
147 472 651
472 784 390
886 966 746
975 993 977
309 976 997
270 274 348
723 898 740
38 647 608
939 972 437
349 441 314
750 924 270
333 832 189
600 943 914
309 920 169
739 988 597
507 662 320
459 997 197
675 914 304
318 607 438
577 807 886
881 960 332
430 754 414
353 397 382
673 790 464
294 911 283
435 477 829
271 490 787
425 888 30
112 621 691
779 885 380
129 530 839
92 662 206
103 516 732
820 872 731
820 1000 770
178 453 367
184 492 417
254 371 139
911 920 329
177 955 438
124 498 267
50 525 478
140 628 525
913 996 873
166 197 5
897 931 598
682 912 60
632 683 94
840 850 865
956 980 983
71 293 918
550 603 940
472 976 137
417 596 725
246 341 985
551 769 520
811 933 952
174 502 297
733 750 513
535 803 358
592 960 887
598 839 608
471 502 784
593 793 248
33 389 679
446 559 544
77 468 826
599 920 317
318 548 132
279 810 487
472 644 778
526 687 601
67 628 198
645 945 451
169 916 154
990 994 116
245 703 432
33 731 30
743 817 123
187 357 983
214 394 669
269 839 645
509 657 688
42 232 48
965 984 12
108 452 690
7 291 226
795 951 587
138 159 238
419 638 788
389 454 640
830 858 683
109 229 860
62 240 844
327 726 4
609 741 395
567 800 227
529 680 839
883 973 715
803 958 373
59 587 191
189 622 58
320 460 495
943 987 841
923 980 743
183 269 571
706 851 43
88 836 977
190 214 225
333 516 409
194 532 661
469 973 875
873 962 785
252 730 828
880 941 507
682 819 349
816 901 481
172 252 835
324 466 681
886 960 256
284 668 564
909 928 959
938 982 511
587 988 885
702 706 334
609 992 723
75 319 310
145 196 742
520 682 185
658 757 361
423 740 26
20 33 705
297 994 653
608 803 784
492 899 452
19 650 749
382 535 99
250 252 30
470 987 504
71 861 369
960 972 219
459 476 353
163 907 20
260 645 938
88 667 644
737 807 976
406 803 337
448 584 565
517 870 94
633 940 850
623 762 493
917 922 199
168 531 926
10 903 568
281 981 713
175 878 875
539 744 861
605 953 333
426 521 980
573 813 807
927 963 296
166 184 930
997 1000 820
553 696 46
826 979 727
650 679 467
152 679 880
334 486 647
10 70 939
463 703 99
539 897 975
617 706 770
550 606 941
248 855 663
4 851 27
92 898 289
674 800 600
190 708 358
725 922 855
278 375 258
371 520 786
967 976 226
169 195 191
585 603 520
780 966 315
891 902 933
686 698 971
814 976 193
156 902 635
508 858 446
186 461 445
563 912 611
508 818 317
205 879 962
808 899 268
781 848 186
404 527 534
662 709 298
995 996 618
792 960 138
752 754 405
123 427 485
103 658 935
740 838 397
246 551 370
651 736 131
557 941 611
724 795 174
322 499 767
605 660 832
558 726 199
347 538 851
629 801 52
591 880 684
766 856 875
195 769 608
632 726 810
67 505 40
249 687 612
194 993 39
820 888 851
123 699 625
39 513 313
939 969 193
955 958 456
409 652 365
939 954 483
779 783 684
693 901 233
420 814 734
248 618 218
171 856 460
791 813 556
472 909 631
476 795 698
995 996 37
320 988 942
474 852 343
250 419 911
737 773 840
735 851 234
232 526 282
862 987 106
38 799 74
453 955 822
410 877 154
325 571 264
78 189 19
581 621 857
280 689 59
372 548 691
324 788 730
137 840 326
609 924 983
688 976 387
767 875 873
271 865 705
668 826 715
223 233 347
87 878 202
952 959 974
169 521 639
867 910 59
24 418 396
165 750 853
566 573 235
547 797 109
13 520 509
517 665 885
451 563 659
635 923 320
186 848 646
339 749 509
104 842 869
914 927 153
702 878 945
31 340 306
670 859 658
823 858 391
459 712 403
70 335 911
182 593 897
548 795 498
316 321 795
755 906 167
144 373 550
211 981 976
260 407 982
85 687 943
421 510 927
126 257 980
60 167 696
846 931 588
607 777 740
643 714 687
858 923 232
439 633 321
673 985 358
185 567 4
320 354 154
475 740 505
933 938 82
263 987 613
772 979 271
874 946 640
282 343 966
186 855 920
871 947 518
883 893 562
731 902 83
420 599 384
483 883 81
379 599 556
893 955 271
33 434 167
17 463 434
93 188 802
273 425 182
556 746 889
257 594 615
620 667 206
112 270 358
472 832 309
127 706 214
727 840 254
208 867 71
540 761 470
102 747 807
969 987 572
334 469 918
315 396 793
659 912 259
535 597 852
111 345 890
102 307 460
846 938 622
766 869 667
924 993 222
792 958 709
973 999 521
878 909 293
230 757 968
238 430 930
596 875 511
942 985 386
101 175 975
140 286 988
278 460 992
760 938 728
285 669 641
391 542 939
700 900 734
996 999 154
211 750 979
942 960 179
52 858 662
828 836 721
758 760 620
729 881 547
933 988 757
29 50 221
159 376 511
626 696 211
879 949 123
209 446 903
622 962 755
700 778 944
227 515 378
524 780 797
948 970 283
399 412 139
598 766 568
614 733 183
339 643 753
371 808 350
221 744 66
364 763 413
622 633 349
407 415 355
693 782 643
762 850 68
448 625 138
297 382 16
970 1000 198
557 725 860
890 954 408
812 813 881
815 909 44
732 800 287
371 513 445
282 670 37
362 937 174
785 847 437
644 719 161
558 949 578
49 197 361
375 409 992
30 438 50
743 983 526
625 774 257
163 685 38
395 910 45
698 903 955
369 603 935
137 325 658
753 951 267
684 991 449
328 698 532
558 950 392
811 941 34
274 930 747
641 932 768
698 829 340
158 434 599
81 759 888
577 592 301
15 226 798
52 690 225
78 448 91
123 419 369
331 674 771
892 954 315
598 676 243
380 402 622
808 844 926
702 708 838
660 906 950
805 873 611
15 777 514
468 542 214
928 936 152
761 950 818
404 607 229
549 630 441
724 908 853
279 336 816
948 960 291
302 963 478
86 417 696
416 654 214
126 889 351
391 951 833
834 836 200
960 984 761
43 226 655
808 945 257
32 709 67
682 861 770
822 837 60
74 531 624
947 972 933
211 423 219
732 905 341
626 772 34
339 573 249
946 976 460
352 417 357
744 788 774
818 850 803
787 901 905
251 925 115
903 955 372
890 950 810
735 928 330
361 807 914
458 687 213
301 643 382
148 906 808
954 993 127
819 916 940
750 985 129
832 864 11
708 974 162
208 744 289
542 589 349
398 438 999
499 998 388
162 653 937
301 578 873
524 978 957
652 884 243
537 987 120
420 658 292
256 604 335
570 859 28
274 674 465
907 978 1000
462 816 999
414 691 658
66 276 617
876 946 458
883 996 983
587 721 605
323 721 47
192 559 793
357 916 606
510 696 261
565 687 305
648 918 573
764 925 540
813 822 539
945 948 766
941 990 608
688 794 930
338 633 877
655 705 732
775 837 177
248 976 945
181 507 206
190 393 104
410 848 11
164 241 845
290 706 656
404 700 874
623 686 376
779 971 23
702 739 348
563 719 537
882 971 840
172 608 41
514 974 585
452 673 274
824 859 749
18 935 199
66 90 518
573 971 751
854 968 837
490 660 732
859 908 297
566 961 69
82 940 779
116 195 565
840 849 654
407 482 421
445 971 205
170 860 708
113 689 354
500 754 578
875 876 189
544 998 536
172 387 732
929 978 477
265 856 272
242 466 299
913 916 255
235 921 853
3 324 394
395 901 825
521 570 808
496 581 799
319 786 487
974 994 509
443 612 25
927 996 479
979 994 213
774 954 994
892 936 345
248 292 437
915 918 912
84 718 683
664 951 405
503 519 731
128 377 913
595 652 620
175 383 963
174 283 912
541 948 784
827 968 632
294 731 872
919 999 865
238 707 603
511 793 416
310 409 500
628 880 200
197 396 833
615 893 577
336 626 250
699 933 766
442 712 69
645 697 369
450 736 233
62 766 740
229 810 736
698 867 649
813 977 70
712 850 840
355 673 596
568 904 148
437 539 613
336 679 822
420 773 327
242 521 622
181 398 116
472 791 509
335 467 486
869 890 475
144 176 518
347 656 528
15 977 381
986 993 271
429 552 294
444 620 40
676 722 242
399 523 573
489 826 910
227 583 23
948 964 760
309 774 833
231 864 808
165 293 288
28 636 587
23 704 508
223 308 99
208 560 102
442 962 272
557 806 561
299 320 185
75 826 701
180 633 522
844 855 754
991 994 968
962 995 633
513 543 450
510 815 632
521 526 400
228 368 332
172 790 890
958 996 164
736 787 688
962 968 550
478 765 640
34 738 145
735 893 447
891 993 573
779 909 89
912 926 427
848 905 988
495 497 425
257 640 903
544 626 97
355 683 789
585 694 82
28 39 276
154 741 253
54 954 591
239 691 753
803 959 345
718 876 74
422 835 573
454 690 901
998 1000 892
465 842 135
549 976 113
47 802 886
765 921 255
926 938 56
336 819 777
600 953 566
774 873 162
198 557 312
776 860 140
609 658 88
759 964 268
628 983 70
291 999 219
495 838 964
116 804 210
717 827 701
541 666 899
99 514 136
17 130 67
33 49 524
150 610 546
181 978 709
223 308 802
829 968 910
343 707 717
38 809 315
522 656 389
6 145 349
149 558 961
312 434 941
359 873 174
111 726 955
833 844 423
998 1000 963
107 880 638
750 827 174
425 772 986
909 953 485
388 581 595
506 569 547
136 905 496
64 218 974
629 999 742
226 951 269
527 678 921
5 434 982
663 904 775
796 806 193
824 840 763
167 583 730
456 824 787
400 682 60
267 540 538
639 730 122
796 849 574
803 965 252
636 729 562
455 869 396
205 452 492
115 626 890
131 762 957
347 950 852
380 842 280
937 983 406
639 966 558
595 852 467
151 657 355
803 895 859
895 977 494
445 822 753
318 357 493
821 874 943
526 597 772
78 706 453
61 819 614
870 985 815
926 972 686
12 972 989
992 993 877
720 884 997
334 605 304
556 794 172
497 652 94
960 968 825
319 560 652
378 611 954
444 557 502
627 888 470
621 895 173
672 732 920
796 891 488
702 713 119
348 614 227
116 132 711
319 647 43
838 921 374
627 772 867
740 788 989
61 335 975
880 902 127
97 809 123
538 565 644
115 996 757
135 981 480
881 893 534
655 841 948
417 756 729
452 625 103
355 769 861
618 776 141
454 966 966
506 597 659
285 648 829
160 417 894
426 635 471
31 60 943
624 772 588
541 850 835
5 312 750
33 755 719
39 960 875
667 889 428
929 946 634
816 960 542
919 942 704
506 599 933
612 992 286
209 914 284
71 169 743
105 390 621
447 733 265
530 635 958
57 665 319
984 989 292
27 101 175
329 412 711
583 861 271
92 373 199
563 722 719
301 314 157
764 836 746
107 126 902
83 969 699
164 502 453
123 629 516
964 1000 823
66 275 347
938 956 24
915 965 106
152 682 448
225 560 62
350 407 217
133 816 12
224 696 212
960 989 61
355 623 56
211 609 704
283 979 490
644 718 769
463 843 766
393 660 454
979 987 879
229 426 447
516 683 238
559 730 825
900 913 339
818 843 84
188 458 687
810 933 275
840 943 882
745 905 697
223 349 36
153 934 31
672 976 979
802 823 536
470 475 176
340 350 750
67 555 298
378 903 987
125 871 859
348 422 262
678 791 32
374 986 621
567 650 370
104 514 881
94 566 529
974 982 25
320 332 387
378 595 779
81 724 49
872 995 184
803 975 927
717 943 553
141 343 230
395 729 378
786 838 902
420 841 479
177 342 399
855 958 604
974 984 169
78 186 308
527 766 445
915 989 747
925 980 265
191 392 975
931 932 766
718 949 324
572 716 208
735 856 15
828 891 293
498 898 858
141 255 552
190 368 43
239 589 274
431 693 979
124 549 50
394 648 77
55 129 247
468 640 351
106 953 347
463 490 972
492 730 68
692 978 184
111 891 856
461 639 864
161 284 729
416 423 480
488 669 601
579 782 886
462 591 772
285 445 772
416 759 317
670 895 5
717 876 609
987 989 428
211 343 399
452 514 689
941 953 2
305 436 679
293 342 899
419 996 874
876 879 682
956 990 770
817 894 840
321 789 631
32 634 540
965 996 560
332 951 900
458 796 555
672 791 914
388 520 969
199 487 802
296 850 948
800 841 760
786 847 55
533 535 373
674 898 672
824 989 695
257 288 622
507 880 250
685 721 824
622 843 340
29 145 711
450 974 562
79 574 409
586 962 161
526 789 17
364 775 415
179 907 373
276 569 608
355 378 995
612 656 14
408 556 101
651 660 686
28 185 271
36 117 50
18 769 905
690 988 609
958 991 432
120 822 575
974 976 569
256 510 353
147 840 945
679 748 609
971 994 688
591 956 406
258 684 615
821 829 106
92 540 609
272 822 77
625 677 633
829 979 203
468 694 795
741 857 503
85 490 233
247 562 230
746 762 807
774 911 439
981 999 248
763 785 696
181 387 443
824 853 587
670 920 605
534 579 564
567 578 90
197 244 335
553 607 106
943 944 734
89 610 815
141 468 46
664 762 662
659 877 756
143 373 175
301 675 915
148 187 48
279 965 38
712 821 772
635 862 191
497 737 14
133 272 260
528 823 88
617 780 630
524 912 945
623 912 51
41 331 99
822 981 672
359 817 17
558 599 209
549 741 489
644 718 540
971 1000 36
138 230 483
316 424 205
812 951 360
511 708 89
602 819 583
556 819 890
594 836 372
375 643 589
235 710 949
852 955 575
789 845 707
508 677 441
261 856 169
332 604 350
417 442 724
943 948 679
108 837 26
823 958 330
227 909 365
62 101 731
963 981 806
574 771 383
655 957 113
553 936 921
452 518 843
885 950 135
98 166 56
909 979 500
489 670 947
152 294 181
615 739 51
807 852 705
977 999 719
673 859 975
998 999 35
332 978 999
976 996 561
691 796 584
183 593 1000
369 574 968
928 996 304
362 531 408
301 556 529
957 997 996
260 969 909
446 776 774
959 982 81
67 463 742
79 159 913
474 631 832
24 717 676
265 313 79
713 930 855
121 538 569
817 945 725
200 443 147
489 963 46
401 484 682
102 284 667
11 601 823
614 925 207
206 493 717
39 790 438
484 567 787
443 467 1000
506 862 438
689 934 309
547 755 134
169 937 467
73 984 450
238 465 803
694 810 129
178 426 990
234 495 205
842 895 414
301 481 634
695 914 750
482 519 506
188 634 888
826 827 312
899 935 216
234 522 192
91 286 772
370 649 609
707 987 829
328 688 983
65 226 484
693 788 930
171 302 301
262 344 298
966 973 88
833 980 713
694 712 377
42 213 383
290 483 254
198 316 940
793 846 242
729 813 37
338 858 760
754 865 769
613 985 3
407 985 476
377 623 30
596 609 906
200 717 805
297 773 669
591 594 705
36 361 512
334 918 208
760 986 713
889 968 684
92 705 833
125 885 950
638 915 471
736 780 275
49 765 291
796 885 171
858 886 956
311 565 28
824 860 365
478 521 388
466 728 914
470 636 973
613 658 552
632 845 445
52 355 894
361 485 851
525 881 235
95 426 612
41 196 469
274 861 564
474 660 806
382 512 897
119 143 933
292 783 148
413 646 16
623 855 441
843 925 460
182 327 744
65 622 132
500 974 920
283 478 177
361 617 592
498 952 236
949 992 6
585 624 907
42 201 452
301 810 377
906 921 24
184 380 261
997 1000 892
279 390 464
721 897 59
657 695 527
928 937 365
517 816 831
227 803 460
542 616 403
702 858 249
713 867 274
961 981 412
304 673 934
183 589 666
79 428 64
284 836 592
522 706 633
654 987 547
568 869 157
123 580 147
295 701 517
203 685 211
84 345 940
945 997 922
182 725 322
94 411 368
24 635 148
394 700 591
435 948 187
869 973 731
975 996 459
309 415 115
715 910 603
193 486 517
806 923 795
767 841 789
520 835 635
179 418 725
93 608 330
606 665 307
395 605 65
182 444 818
331 745 857
444 681 97
995 1000 308
384 899 455
894 897 644
372 679 350
160 797 124
470 515 624
638 799 50
497 718 78
297 939 712
540 738 506
202 236 540
679 991 48
200 883 907
882 896 492
427 492 938
494 941 185
991 996 961
595 975 373
174 249 484
183 896 122
857 930 904
856 922 229
664 955 509
410 982 787
731 901 697
55 990 868
911 960 779
921 951 649
253 695 79
274 343 298
774 839 347
857 869 86
94 886 867
213 323 113
679 813 100
344 639 793
571 927 24
491 624 58
496 509 110
708 923 339
808 889 990
548 629 886
636 867 310
329 442 429
673 762 890
570 961 478
477 933 878
201 834 330
302 478 573
267 549 153
77 584 17
642 761 565
703 704 11
821 1000 460
453 543 940
70 475 836
398 831 704
519 970 469
105 403 42
859 956 32
152 971 672
472 517 331
671 819 733
552 901 657
751 825 685
279 925 184
926 993 393
55 879 986
932 953 942
353 959 120
773 943 910
570 774 855
273 961 628
997 999 4
510 735 757
168 478 631
750 918 198
27 602 767
949 959 471
982 983 567
51 725 324
959 973 329
160 726 479
628 972 489
862 903 112
732 985 438
8 879 255
482 508 948
449 655 596
337 712 826
67 796 441
43 580 705
991 999 123
996 1000 627
810 923 946
843 934 274
943 980 313
120 179 300
194 973 82
489 716 286
454 526 779
442 488 343
943 969 438
550 956 758
699 910 499
943 967 346
985 990 201
796 971 589
580 962 765
634 939 340
694 733 479
785 940 900
940 959 402
660 933 124
46 98 812
605 989 94
166 553 931
374 969 735
193 313 739
288 434 928
57 444 602
605 783 536
860 904 823
112 623 540
197 551 934
112 716 230
568 785 517
325 333 213
782 855 170
278 417 921
401 764 413
540 789 287
642 768 335
697 772 406
626 933 499
508 527 390
559 723 463
754 974 928
769 913 861
610 638 327
634 699 806
467 627 662
681 979 782
335 979 807
790 940 127
348 927 417
599 937 273
264 409 445
326 827 300
812 862 336
685 808 459
95 740 756
952 1000 1000
480 626 202
216 821 612
414 501 134
536 837 979
681 901 980
996 998 591
708 985 531
535 734 26
604 618 678
689 820 82
857 941 495
201 374 359
941 963 38
707 973 707
183 257 250
370 777 227
753 951 497
956 997 613
681 713 925
261 394 216
465 812 374
469 761 633
726 892 458
834 897 22
812 957 75
624 879 603
476 601 119
74 368 928
232 406 913
53 63 658
218 721 164
918 973 819
596 855 401
882 926 569
997 999 793
202 425 257
817 927 488
123 471 635
517 755 906
634 802 974
938 960 924
692 929 224
163 306 399
583 761 417
636 737 27
437 810 320
370 429 496
998 999 605
982 995 825
387 566 155
979 990 109
408 449 441
298 393 119
977 990 381
597 894 564
922 958 607
693 882 82
3 678 175
384 861 330
852 961 107
929 957 659
706 724 512
481 784 779
301 589 278
87 130 851
780 878 22
351 723 87
582 968 906
981 994 644
311 822 363
672 951 923
646 978 42
228 600 810
1 827 442
277 423 145
68 605 429
989 994 208
866 1000 709
833 983 57
6 782 348
569 905 580
415 997 951
387 424 730
849 965 493
203 364 115
402 537 464
939 987 278
403 806 632
140 276 491
55 320 164
726 907 790
796 958 880
437 448 425
468 971 729
356 641 569
280 318 573
450 765 52
670 749 802
957 961 582
870 989 799
2 32 187
565 918 347
453 869 72
898 929 464
211 688 366
603 996 777
803 882 796
407 626 194
39 508 96
598 985 98
304 801 116
299 610 802
468 637 159
31 547 855
790 953 252
343 803 198
79 970 383
76 429 576
74 537 223
986 994 400
449 979 617
776 999 358
895 952 685
109 994 866
222 507 805
819 981 513
138 239 880
943 948 690
251 792 513
109 606 613
855 870 782
333 889 43
77 859 199
755 920 300
557 961 60
675 962 388
837 988 642
332 794 3
173 874 496
742 953 216
864 943 989
764 816 981
755 947 638
725 776 762
512 887 302
768 896 694
592 918 177
866 881 992
406 918 544
600 681 262
558 718 956
332 668 203
121 882 10
500 548 106
74 996 557
852 975 383
123 512 154
140 906 560
894 966 969
680 894 224
595 828 502
138 932 387
481 724 943
272 495 245
164 663 90
212 822 384
317 794 831
877 891 457
47 977 329
669 811 929
638 865 845
154 920 838
395 502 279
135 241 163
714 999 426
856 939 314
23 442 742
635 739 826
641 644 593
856 943 333
265 613 980
335 843 692
139 649 846
907 928 200
118 119 132
565 973 533
513 635 50
39 306 143
974 993 914
252 714 647
18 471 986
975 994 920
384 946 716
913 937 898
700 875 903
171 707 221
340 358 156
861 868 986
236 516 303
163 944 570
497 579 371
55 647 581
127 618 29
539 772 290
704 737 728
363 525 92
508 599 618
179 810 233
417 960 939
378 928 718
570 823 106
614 901 77
263 859 654
648 792 782
697 868 255
884 958 112
758 823 438
356 442 480
141 513 222
655 771 451
951 978 518
908 912 595
982 994 511
704 1000 288
490 511 957
361 656 999
652 954 940
121 495 385
345 799 275
402 667 170
562 788 133
606 954 276
752 760 299
46 411 891
969 971 683
774 814 81
311 604 631
187 728 561
680 793 775
560 858 943
373 554 268
845 999 105
541 721 8
148 693 390
vertical segments 3000
522 197 400
54 893 912
674 438 984
146 398 661
815 724 836
788 671 682
614 383 434
836 660 667
183 481 606
767 593 758
258 816 866
292 534 568
671 80 316
798 348 887
442 253 769
443 452 922
667 146 428
919 295 349
157 13 702
759 687 761
134 115 141
84 523 678
862 620 775
847 552 921
331 567 786
420 709 914
856 269 999
171 46 904
710 826 961
110 528 593
726 428 505
583 67 802
853 424 670
180 803 1000
983 352 418
484 621 877
396 944 980
444 936 953
283 491 841
198 901 999
286 496 612
678 240 378
443 828 916
812 733 908
239 143 659
416 769 810
583 212 937
693 636 752
179 237 446
936 202 649
233 75 675
831 25 846
863 710 999
890 464 978
675 560 747
301 322 783
723 175 293
811 67 850
712 283 590
290 332 779
314 442 628
378 497 721
498 496 879
121 269 715
752 210 317
377 82 515
174 199 782
853 44 469
374 239 381
40 266 558
905 998 1000
393 629 884
767 363 942
812 260 556
543 712 720
454 505 775
841 331 412
374 904 980
611 391 501
999 184 669
592 902 946
419 219 244
594 624 802
861 405 706
539 673 893
821 895 917
201 142 916
427 61 813
363 694 999
440 290 796
616 3 250
4 331 688
609 62 418
459 882 968
598 307 527
803 48 79
196 212 968
965 39 985
41 683 943
818 480 841
970 656 917
70 984 988
819 228 385
195 529 587
423 942 944
38 452 927
710 463 846
446 92 722
806 113 507
418 69 848
589 475 721
879 947 981
126 973 993
926 497 942
617 913 949
273 314 378
569 861 903
621 107 660
863 650 715
789 484 630
76 3 92
287 180 914
541 19 690
63 399 918
38 538 682
202 465 686
89 214 635
110 169 579
431 687 984
980 811 911
804 556 879
718 251 737
609 357 988
907 316 655
88 558 593
389 544 637
75 517 943
119 345 914
177 350 392
873 793 817
999 321 948
833 565 804
496 106 515
881 553 629
82 851 855
607 289 931
450 355 545
941 837 852
382 781 829
905 970 977
463 596 826
340 677 996
611 267 909
373 333 644
549 467 538
316 620 644
204 184 948
505 767 845
370 438 785
299 134 992
9 834 846
781 903 989
93 791 880
316 162 284
796 359 886
914 238 629
479 524 633
223 556 972
124 561 607
652 3 362
696 172 301
869 15 854
516 323 544
345 532 717
374 646 730
598 453 858
964 807 942
492 587 858
629 176 918
140 553 837
758 792 896
585 320 540
767 496 790
247 684 989
259 220 595
105 430 681
200 71 191
982 178 245
818 845 955
912 784 937
440 938 958
949 635 691
422 524 658
111 91 521
514 812 987
123 39 770
99 438 815
716 683 821
647 520 826
644 884 977
187 954 993
519 331 522
366 949 964
482 740 762
445 469 492
359 778 923
462 186 963
89 870 899
736 114 405
916 296 549
803 599 902
153 718 901
389 893 979
491 504 626
309 237 764
445 595 807
703 611 767
544 799 977
421 472 811
480 253 354
710 864 923
579 786 828
155 531 973
180 615 679
547 87 664
140 674 702
841 189 904
205 597 777
821 313 805
791 416 752
301 173 291
172 584 944
177 242 887
701 884 920
42 552 579
312 104 844
297 617 932
718 166 735
361 224 343
456 698 918
911 596 834
298 327 993
721 769 776
746 99 464
197 308 902
706 650 693
358 418 538
22 252 762
377 188 642
32 334 430
485 280 582
185 978 982
39 398 829
185 160 941
941 626 699
70 993 994
496 352 408
119 997 999
18 45 287
158 39 932
594 220 409
921 23 758
954 776 845
956 855 896
723 861 999
796 944 992
629 552 944
108 927 985
198 733 783
890 946 998
413 426 455
62 971 997
251 84 230
734 348 593
861 640 799
346 222 931
791 962 971
744 889 978
232 813 958
635 400 465
448 85 363
521 521 963
827 662 992
22 893 920
395 435 613
825 537 585
167 494 719
117 22 533
602 612 952
892 740 743
930 352 945
730 825 870
668 731 954
578 412 775
214 417 940
531 263 453
449 221 965
364 783 825
677 232 513
177 941 968
970 751 912
586 374 675
399 180 377
845 402 463
562 355 853
428 552 784
59 476 572
314 567 641
951 802 847
439 595 925
916 978 987
541 470 834
627 510 658
411 739 812
74 440 710
929 879 919
406 744 930
55 909 951
722 295 824
584 806 924
478 54 280
799 35 672
81 732 757
839 400 876
341 536 997
570 274 610
760 857 921
723 542 686
458 242 406
709 232 608
784 180 452
134 371 801
843 889 958
593 789 988
41 730 772
330 782 993
673 766 771
815 837 989
531 269 272
281 683 801
663 406 508
5 118 495
142 191 720
799 91 368
541 48 333
899 913 960
97 880 996
991 468 741
469 977 988
400 707 961
182 772 794
212 274 741
484 94 792
833 290 502
356 268 620
385 955 956
273 578 907
782 714 933
372 59 343
440 440 940
909 751 944
287 854 869
401 389 990
677 918 970
910 71 462
498 662 665
80 39 767
868 900 903
886 990 993
487 587 622
506 303 896
519 235 906
482 644 852
278 73 563
297 3 187
315 493 721
551 891 897
536 103 194
76 585 615
357 770 791
971 732 765
890 259 752
104 219 748
74 309 717
773 344 969
928 212 627
885 163 795
250 137 818
768 55 305
451 507 713
309 210 917
539 150 289
14 457 900
219 109 763
248 684 739
697 402 579
15 301 348
169 682 800
688 42 376
567 701 924
396 937 948
382 367 519
74 451 904
765 494 913
893 181 331
216 811 825
178 910 986
224 525 707
780 830 845
234 150 200
867 377 867
460 606 886
614 951 953
637 157 269
796 324 953
357 423 960
393 903 917
517 632 847
290 334 957
380 465 632
158 365 823
581 473 958
237 614 746
144 604 736
5 943 978
382 274 541
469 882 905
752 971 976
419 849 962
542 628 828
728 217 865
943 701 726
124 28 649
184 871 893
319 979 984
17 493 862
751 47 939
841 945 979
38 274 516
754 762 946
386 468 690
906 440 956
459 957 988
821 365 915
909 431 546
818 465 715
720 463 728
131 894 899
759 968 992
908 285 493
939 289 688
375 657 669
739 984 989
912 755 903
303 251 850
401 165 460
811 451 693
131 393 547
430 134 373
307 432 525
867 850 863
909 903 991
328 538 633
604 918 962
589 989 996
203 636 831
364 195 343
376 699 721
356 274 518
387 507 834
220 710 870
675 557 961
571 982 988
711 544 883
677 165 404
549 960 968
295 437 856
940 263 324
477 260 521
213 378 877
885 441 766
294 301 770
232 681 809
189 14 535
353 954 965
581 467 847
357 798 863
211 283 994
209 508 532
173 100 134
931 952 955
852 454 766
612 677 980
415 344 717
745 563 820
634 97 794
980 161 663
50 918 925
455 616 714
656 700 921
417 440 854
671 558 828
528 512 798
967 558 875
922 700 799
26 983 998
855 835 950
49 565 997
607 847 945
490 792 976
656 524 859
640 661 890
626 18 649
785 322 541
717 231 683
981 624 933
952 203 424
371 108 951
611 426 958
821 282 549
849 487 940
687 805 945
173 478 977
143 940 951
864 824 896
515 139 390
567 752 865
345 671 968
526 307 766
986 697 995
894 457 476
606 654 973
761 5 786
663 585 874
705 716 850
807 146 928
639 449 837
757 658 922
106 1 351
216 531 990
472 507 989
667 977 987
893 656 769
87 337 399
171 451 911
746 771 846
585 223 352
823 716 958
678 431 738
84 401 748
594 549 612
73 597 767
338 744 936
65 475 543
277 963 976
468 447 754
10 640 677
197 129 564
396 202 600
56 136 598
320 23 48
653 704 707
877 721 733
38 259 291
486 702 984
41 667 737
912 979 980
787 606 928
442 156 811
70 156 192
7 148 325
554 823 862
420 145 529
81 330 770
569 508 948
749 47 612
501 564 736
330 837 928
69 143 371
945 908 928
832 764 778
813 512 797
674 6 144
204 817 957
974 769 931
171 445 749
276 277 626
797 993 995
976 439 506
303 495 806
929 410 786
126 171 887
177 344 839
457 163 445
435 832 978
256 153 303
236 95 882
832 333 383
374 772 809
939 271 853
620 24 504
791 900 971
228 889 960
162 760 840
430 636 872
268 235 670
637 115 171
953 803 861
986 994 998
962 734 771
19 39 362
361 271 440
882 379 912
449 468 690
340 625 991
552 897 921
244 605 993
594 244 836
475 320 984
72 89 177
868 393 631
601 608 782
464 560 667
132 575 603
257 195 654
704 332 382
86 287 694
763 57 592
565 290 834
753 121 943
638 784 796
674 985 987
530 917 919
68 276 941
636 727 901
526 114 346
897 849 979
359 402 899
291 467 764
851 758 980
346 95 483
937 227 291
271 671 794
814 522 646
540 118 869
182 609 612
460 343 801
269 840 939
954 299 748
779 988 995
656 966 988
713 738 902
349 633 844
493 973 984
545 760 815
945 123 351
982 543 951
509 989 996
29 412 459
605 446 647
830 301 859
125 419 462
561 612 835
846 165 786
263 955 967
976 831 883
199 701 806
792 393 580
395 763 975
229 72 648
534 415 462
976 806 845
32 543 886
498 179 340
448 918 986
365 109 914
27 117 368
870 711 857
25 383 950
212 549 857
887 519 540
726 69 618
673 567 771
574 806 862
278 502 673
789 204 784
577 866 996
598 41 163
11 216 285
21 596 698
418 334 615
925 973 986
56 683 893
476 416 775
882 651 815
66 201 584
447 130 505
224 811 829
790 259 683
160 933 961
232 647 861
754 680 838
755 725 747
867 15 804
181 520 828
377 40 544
269 513 595
86 342 481
57 991 999
100 113 363
835 479 936
139 107 766
647 490 967
972 23 734
301 271 412
47 650 800
800 470 644
183 28 84
450 800 904
751 240 648
246 30 650
590 857 877
48 596 616
840 481 708
219 12 890
588 319 565
566 393 434
213 733 813
631 457 545
43 814 951
807 402 898
835 431 473
751 838 929
992 938 941
22 751 943
110 65 692
427 924 935
568 528 737
990 572 702
864 59 287
149 280 301
742 629 880
111 532 778
683 942 948
963 461 930
676 632 899
970 576 756
339 403 975
460 546 848
217 908 943
355 376 821
811 829 982
448 567 668
671 502 957
187 190 540
995 485 684
414 940 976
602 653 790
119 219 469
37 659 847
871 189 251
439 152 667
548 168 922
908 388 674
74 170 461
816 940 944
397 417 725
950 518 617
370 584 876
552 37 281
530 723 870
851 400 681
193 216 781
5 906 962
350 417 429
215 626 681
320 973 982
888 545 987
155 694 772
181 201 514
261 573 927
383 19 434
755 192 961
16 264 777
260 566 933
290 41 867
929 779 913
11 435 879
158 324 451
699 238 735
337 596 955
958 980 986
614 213 731
82 242 992
632 153 496
190 532 784
217 63 752
651 477 706
48 452 799
687 337 517
758 68 599
442 765 951
445 788 899
422 142 964
83 97 667
404 421 914
570 533 937
694 304 966
357 386 840
258 142 705
410 42 818
302 870 916
750 878 968
209 206 801
1000 280 338
419 544 675
10 455 813
40 192 993
90 277 762
80 682 752
844 408 632
975 283 940
611 400 622
14 986 989
746 552 891
743 160 994
309 708 994
547 838 840
538 981 1000
210 784 894
801 600 706
863 121 770
814 109 667
867 698 910
694 569 904
139 394 845
872 36 272
605 895 925
267 514 729
313 567 677
154 699 992
971 828 966
476 993 996
617 565 779
883 55 694
566 361 797
64 265 389
179 71 556
344 258 729
113 287 473
81 428 479
461 39 696
219 347 680
215 690 879
344 197 714
966 187 724
522 610 660
536 48 419
588 203 258
124 914 926
197 477 935
396 24 250
896 523 880
898 229 861
145 92 170
271 655 934
476 201 815
748 239 784
968 549 973
51 247 473
1000 494 896
809 665 782
10 469 888
812 470 537
422 785 843
847 154 917
226 496 535
721 691 902
459 394 757
463 960 999
678 825 919
682 544 733
392 496 967
376 585 924
995 904 926
612 701 950
349 510 900
219 72 768
564 782 895
949 990 992
235 179 491
733 672 951
98 217 916
313 221 606
881 895 963
513 106 479
92 69 654
640 580 670
476 950 987
996 53 435
759 21 160
72 426 671
337 666 768
754 346 902
716 628 1000
703 186 883
349 900 970
931 255 750
376 112 471
408 256 452
91 65 889
622 911 985
887 774 935
149 310 488
550 602 981
609 832 916
915 959 965
615 518 891
92 920 945
224 233 659
448 237 610
730 208 317
504 890 900
62 283 528
763 585 868
479 98 241
454 320 859
100 495 850
89 919 933
248 33 314
595 200 969
421 631 884
771 347 771
91 873 910
583 287 449
864 510 689
6 103 291
402 381 771
909 980 989
985 981 987
386 731 842
388 841 953
998 140 570
41 408 532
832 956 971
35 921 928
631 25 444
202 814 969
391 543 558
785 428 620
363 397 525
844 510 665
78 718 793
634 877 956
88 220 299
325 178 346
897 725 794
557 985 987
123 391 556
385 535 827
736 524 733
585 835 943
391 58 827
878 46 978
93 672 841
196 813 848
581 301 572
722 893 997
296 969 971
270 559 629
173 90 372
995 77 917
742 752 908
994 411 654
309 709 916
153 704 844
472 511 640
104 42 109
515 322 646
471 768 826
522 678 715
519 848 940
742 656 810
982 241 573
761 901 984
385 419 841
49 963 992
791 108 501
602 600 661
260 341 521
105 860 929
783 298 748
794 181 372
278 624 855
14 446 919
627 214 325
387 246 682
998 2 633
995 588 947
547 10 828
43 929 933
109 709 955
972 248 305
948 759 878
878 221 604
885 879 991
487 988 1000
69 219 491
249 212 424
751 345 788
440 709 923
667 921 948
373 600 787
11 817 963
91 585 847
408 173 719
921 93 844
682 778 827
368 339 345
982 518 916
478 30 80
676 320 576
867 29 355
176 8 848
85 157 328
772 909 959
549 196 673
815 798 892
511 23 602
847 382 616
755 552 954
920 726 897
210 810 917
126 582 943
336 9 346
910 887 985
594 773 951
801 116 684
398 115 310
695 279 292
765 663 826
482 655 942
981 911 915
595 883 919
360 983 987
436 554 867
49 807 812
768 981 985
205 307 344
996 971 990
981 59 297
479 149 236
464 313 749
360 566 941
105 495 767
776 72 915
961 811 941
610 858 897
853 480 919
766 979 990
518 692 721
71 410 473
699 546 814
863 439 480
724 550 659
506 45 665
531 540 699
882 852 947
379 294 715
770 624 823
309 145 578
432 269 898
522 756 827
306 248 433
131 370 402
484 329 767
449 55 512
997 165 580
475 181 586
955 40 771
465 181 697
472 293 478
123 712 841
886 74 832
181 639 950
70 41 170
379 253 973
102 712 929
632 23 328
615 946 952
485 765 804
560 231 233
349 632 835
22 777 890
194 335 866
123 627 664
409 228 986
734 985 996
909 168 823
43 7 804
232 782 880
487 352 745
550 685 746
955 231 419
212 347 610
882 305 912
671 669 773
904 571 643
796 23 940
907 511 664
666 447 880
57 393 440
22 726 777
445 281 446
192 788 987
493 910 969
584 314 986
51 431 967
198 273 638
121 139 822
272 302 475
278 920 974
708 203 474
201 77 232
926 168 583
743 221 428
151 943 978
299 682 932
428 762 819
883 310 516
710 156 164
853 788 992
709 938 988
385 662 873
725 524 740
630 485 792
771 520 879
774 985 987
450 771 929
849 330 581
530 599 740
512 553 931
620 57 150
588 199 857
755 906 914
97 642 725
793 5 44
353 375 537
921 60 845
37 50 591
425 748 978
614 402 672
821 205 564
650 48 784
210 777 870
242 944 990
356 435 589
574 844 892
810 343 689
668 277 404
564 508 712
57 262 699
608 727 807
415 504 902
888 503 676
398 529 767
58 468 907
761 423 482
958 199 500
356 19 228
958 730 987
12 193 444
550 386 584
259 15 729
605 164 530
95 611 794
615 279 340
306 634 639
863 986 992
622 655 721
64 812 840
158 354 667
962 797 993
920 780 998
378 136 304
743 273 925
989 658 696
146 784 961
172 741 847
791 890 913
356 474 720
18 838 865
265 351 991
673 621 908
523 531 661
430 691 893
83 457 902
880 121 337
160 364 481
145 625 831
36 237 858
340 815 847
744 876 958
690 143 947
189 76 717
612 316 626
533 63 125
273 616 990
44 301 466
563 916 950
12 44 195
492 956 960
57 889 936
741 318 943
748 827 878
220 856 945
908 624 797
196 929 997
666 732 819
895 700 871
166 262 856
574 549 937
355 544 546
529 155 308
778 112 648
12 551 975
63 993 995
67 981 995
648 751 812
996 457 911
670 974 990
197 550 866
833 147 735
287 114 687
381 582 615
739 786 913
745 354 870
823 251 982
242 498 506
34 679 714
858 218 927
27 780 858
78 913 926
105 332 428
874 520 959
296 126 234
73 106 379
95 801 831
419 453 872
142 390 712
584 416 875
756 666 819
267 98 286
359 768 963
81 322 418
662 724 736
715 96 909
634 79 199
596 902 965
464 51 718
389 303 805
845 999 1000
724 698 828
574 359 874
754 135 219
392 739 815
806 705 997
440 270 801
761 391 981
665 158 907
179 356 602
463 337 341
697 83 527
845 800 921
189 817 988
89 266 909
839 856 908
612 229 840
337 409 765
140 488 887
276 835 989
632 697 788
793 859 887
213 963 974
453 170 384
909 760 768
570 267 719
177 431 925
729 812 855
2 11 814
328 250 818
544 810 859
489 24 368
56 874 973
539 882 884
939 256 501
264 274 510
503 884 987
607 289 964
55 34 670
42 292 986
412 688 843
650 892 908
643 90 716
7 889 959
815 604 983
720 778 846
403 248 342
234 895 913
709 32 269
96 166 932
650 388 417
79 345 821
474 435 763
49 68 277
939 190 671
940 214 804
585 960 976
762 581 612
697 396 729
627 922 944
737 763 967
662 869 895
699 440 571
825 210 945
539 155 232
296 637 758
546 352 558
705 999 1000
296 972 989
376 201 516
353 411 514
26 83 828
608 76 971
934 285 930
639 160 394
608 233 636
886 814 956
919 370 997
857 354 439
393 143 749
964 678 851
759 581 852
548 423 502
148 396 675
635 703 893
330 516 639
211 80 605
245 484 940
496 832 961
712 554 636
615 422 485
155 556 794
541 699 963
839 839 856
58 183 561
667 626 804
783 453 467
303 493 639
757 559 943
568 491 536
724 379 660
674 552 569
902 320 668
628 114 793
228 121 332
621 57 550
470 356 959
223 246 455
739 722 907
754 927 941
687 398 683
586 866 968
658 101 876
791 386 510
240 278 517
364 294 453
617 456 720
374 307 560
322 996 1000
410 789 870
632 308 761
826 190 975
456 362 401
288 240 506
160 839 862
564 154 596
530 664 785
754 111 280
878 284 999
34 470 729
948 529 873
738 202 422
187 353 486
487 876 928
698 531 960
863 990 995
47 707 901
666 81 95
7 426 664
759 548 991
168 718 871
185 12 118
615 683 721
379 231 919
517 696 960
304 627 727
807 473 730
697 152 649
561 984 985
625 760 958
324 15 794
444 687 996
493 308 940
577 42 608
412 602 626
239 585 963
97 987 988
215 904 998
51 593 764
442 419 631
323 817 984
27 646 740
535 867 927
804 377 646
29 588 746
672 215 280
581 124 509
160 367 790
160 241 264
684 133 176
929 456 752
263 148 351
415 263 465
286 59 850
942 184 268
191 42 276
866 626 742
455 325 777
804 917 986
754 406 482
202 838 944
569 648 840
286 506 821
498 538 665
439 900 987
518 652 721
456 308 605
833 702 812
810 819 984
294 342 772
9 935 990
345 3 541
889 504 756
988 578 606
227 852 943
652 491 577
153 110 400
294 387 388
283 264 970
749 110 499
294 875 901
952 550 564
604 204 268
46 209 936
190 709 831
661 900 994
509 192 321
576 24 447
880 851 858
686 443 568
19 578 604
92 340 434
340 39 888
70 807 881
51 302 407
585 823 923
39 952 983
646 408 957
759 205 259
382 619 662
649 159 444
751 503 979
754 486 984
918 792 962
342 786 951
454 79 849
200 5 482
167 191 989
305 618 745
342 214 523
563 225 701
633 353 767
209 907 925
293 987 992
37 456 919
498 215 261
628 439 707
80 633 795
622 754 990
644 507 651
529 800 835
750 173 460
168 239 447
50 96 632
434 705 738
836 775 951
212 740 972
103 246 280
105 330 986
571 858 921
323 511 845
268 763 951
443 531 955
406 615 830
652 673 729
315 54 156
468 57 414
708 822 854
837 597 877
230 634 691
573 385 581
924 985 986
653 216 389
205 412 703
294 973 996
313 254 592
533 865 903
619 770 800
416 181 203
687 285 654
750 845 988
948 40 575
173 191 633
774 145 848
561 214 810
487 397 877
878 233 883
414 798 970
462 156 779
604 205 626
939 927 932
161 524 962
71 900 906
341 803 835
648 313 815
278 448 542
95 795 878
556 203 788
836 397 514
897 934 947
836 20 692
993 818 970
793 558 885
111 210 736
356 853 967
884 353 892
49 443 583
802 459 776
358 741 838
513 746 766
115 900 965
292 602 769
151 407 683
323 996 997
108 916 975
836 672 720
906 117 733
762 984 986
297 45 771
565 485 650
755 138 564
835 440 496
662 104 917
944 833 858
865 265 982
593 415 611
230 494 989
613 604 605
248 204 641
152 471 843
533 762 903
142 514 802
113 259 293
89 510 844
411 156 650
951 403 746
313 755 759
315 948 991
788 619 769
524 608 790
198 533 603
214 477 557
69 140 468
140 396 837
86 351 362
697 299 503
140 174 957
93 523 845
265 179 251
938 62 186
183 831 991
604 275 420
102 856 933
729 484 868
965 394 618
262 540 928
126 798 855
302 549 773
167 352 579
51 410 903
431 109 576
662 897 938
557 488 974
895 716 807
355 511 695
889 542 982
707 222 784
474 500 818
401 97 960
969 923 957
292 497 680
703 342 652
330 577 769
592 352 780
532 513 953
818 339 364
514 206 530
953 722 824
703 986 1000
17 222 373
537 900 976
247 354 665
144 7 411
703 215 759
834 537 599
351 768 828
429 980 981
219 438 467
280 124 346
799 944 974
430 920 947
879 148 724
862 666 799
611 402 511
766 556 964
967 341 438
20 929 971
440 107 883
464 944 979
107 699 888
382 287 897
1000 30 458
213 253 952
540 340 778
800 820 850
108 86 111
119 948 993
172 560 899
258 807 993
80 345 431
633 134 320
234 97 535
592 265 439
697 988 1000
726 127 905
755 908 921
67 716 870
989 470 780
952 273 747
666 204 779
357 926 932
925 530 849
72 823 931
139 915 985
707 578 746
458 680 993
49 658 810
648 611 989
664 333 684
199 394 970
245 408 487
468 52 895
373 547 697
535 472 666
197 198 448
938 473 486
837 977 985
847 24 519
586 416 739
64 647 905
961 525 958
46 799 841
202 759 899
421 298 784
829 91 622
529 264 629
747 405 423
862 72 473
631 190 856
239 373 779
384 859 936
427 764 787
886 218 567
853 10 270
321 251 354
357 925 935
673 235 306
663 760 790
827 673 760
275 231 344
937 638 772
198 449 470
345 912 943
368 981 984
712 137 782
662 141 712
216 291 515
27 555 979
544 712 880
98 925 986
306 368 576
247 206 508
558 539 741
780 3 49
527 727 923
501 637 662
417 487 811
45 282 682
730 359 527
971 724 887
867 832 907
218 922 970
903 666 933
255 603 839
699 686 849
616 399 542
92 122 508
140 562 887
335 128 744
163 484 669
113 961 967
381 327 623
109 748 768
380 673 681
629 2 758
920 614 755
477 559 667
865 633 751
738 485 637
32 376 393
956 376 929
290 529 790
344 138 574
201 76 428
380 660 711
818 62 652
925 606 957
894 953 975
124 708 846
359 955 970
662 242 421
989 988 998
935 175 648
346 505 631
267 878 991
652 226 678
62 177 746
568 212 846
482 363 594
737 753 880
364 750 819
359 63 766
17 221 887
167 196 708
99 207 436
596 219 731
430 684 907
661 322 454
292 605 936
797 143 780
155 471 516
629 285 310
813 21 379
266 835 892
25 298 380
261 235 975
687 305 515
409 1 574
160 591 922
943 18 992
647 663 969
279 511 548
52 917 925
432 832 986
918 798 891
348 518 852
670 123 741
450 440 576
957 514 860
190 991 999
211 841 846
351 382 545
508 129 261
404 577 583
383 450 551
46 913 986
541 459 481
500 518 834
396 258 365
843 617 839
782 339 618
992 338 829
826 167 921
49 684 866
404 486 810
314 436 790
599 481 673
946 776 930
6 825 945
33 394 545
113 566 900
263 968 988
536 243 863
489 619 750
601 882 986
469 17 488
355 437 829
995 261 587
363 75 239
716 278 757
95 966 971
655 674 972
460 759 919
314 879 898
969 878 924
963 22 512
142 804 906
994 456 491
701 249 894
31 91 268
448 123 337
269 832 952
904 352 854
654 748 807
63 672 952
463 438 841
786 471 881
775 573 693
247 661 894
428 732 984
973 767 914
109 176 954
980 732 971
334 328 540
260 108 958
369 712 738
149 51 460
695 705 833
159 171 682
830 270 930
981 665 914
65 25 964
517 396 477
139 941 987
314 611 736
374 465 774
793 339 993
545 515 806
311 918 928
856 923 956
770 654 941
889 230 948
226 130 261
798 884 969
506 927 949
359 916 984
541 810 954
81 267 433
731 728 775
35 742 993
393 607 741
2 967 982
847 987 995
81 120 564
726 817 965
600 424 575
810 937 952
583 7 285
668 12 88
82 829 940
209 657 789
71 168 430
4 18 909
651 967 999
601 517 843
644 449 865
823 487 621
521 713 794
919 210 306
866 517 839
317 37 458
400 242 731
619 422 968
155 790 990
775 591 761
412 70 261
290 226 343
718 816 850
550 935 974
17 210 861
319 210 436
729 176 689
589 467 672
550 201 247
711 174 185
409 127 891
468 76 463
72 309 533
660 802 940
310 305 401
792 422 777
463 948 974
752 505 848
744 55 634
245 301 839
584 440 584
678 110 535
185 371 679
424 240 647
2 639 731
13 178 578
732 40 489
626 276 749
936 711 862
140 7 495
371 768 836
48 630 638
991 814 934
96 215 411
739 251 917
380 782 947
618 479 860
121 393 548
391 116 299
752 941 990
721 296 915
700 134 906
753 811 990
716 208 291
248 592 911
651 570 923
493 728 855
802 120 646
137 781 831
840 811 927
118 752 910
727 595 718
102 318 648
667 292 790
283 279 719
555 704 829
342 668 716
653 96 596
393 837 941
377 121 566
479 297 461
197 973 985
131 736 815
106 899 925
604 180 836
679 963 987
803 408 552
456 77 469
725 161 434
165 207 228
82 843 983
649 362 513
205 153 914
996 172 269
18 625 877
141 849 859
304 850 984
189 514 837
40 269 682
613 11 596
154 701 930
116 41 748
573 90 245
729 219 767
341 575 977
568 356 616
735 357 377
990 250 256
318 394 488
42 308 804
470 547 970
427 843 977
114 743 922
226 821 840
285 457 778
161 365 903
212 58 682
362 747 763
991 311 792
961 78 316
683 920 988
431 455 697
706 165 443
110 873 940
544 312 607
838 244 725
770 614 720
60 291 730
657 48 527
670 906 955
82 285 756
1 208 557
119 875 901
917 944 965
146 328 566
911 143 507
572 934 977
661 571 818
648 892 909
97 72 860
41 374 639
83 780 800
687 758 799
231 804 880
868 353 645
393 740 927
600 330 921
410 185 851
988 588 626
24 243 410
585 670 873
258 972 973
975 648 739
590 838 933
798 981 998
608 469 494
972 426 547
952 238 872
118 967 991
525 904 998
553 360 612
259 20 441
308 693 899
181 234 745
434 166 402
940 670 718
567 45 326
834 696 761
119 326 713
291 367 380
399 436 669
382 409 886
503 671 708
551 990 998
349 114 486
114 484 689
849 569 983
972 14 973
638 29 812
841 755 980
938 660 938
824 187 254
716 785 860
239 714 727
399 860 916
845 425 655
265 99 361
492 474 630
160 825 951
943 535 712
704 737 946
921 574 903
27 91 708
451 470 847
510 680 759
121 194 647
919 356 603
124 814 868
295 203 301
242 95 480
592 824 929
193 280 747
848 389 591
344 507 626
991 126 863
998 17 833
712 336 560
8 654 688
980 788 816
36 892 978
180 969 983
981 368 615
219 800 877
912 221 569
515 283 335
51 405 647
239 192 583
657 409 769
885 936 977
41 59 246
300 294 446
201 468 884
29 150 889
695 887 892
163 357 571
138 896 927
130 643 682
970 840 878
794 880 942
612 953 961
492 218 259
76 697 930
862 285 459
391 15 560
308 509 791
190 148 849
278 553 667
296 422 695
14 862 922
645 661 973
247 346 359
389 878 956
359 906 958
214 34 790
283 410 877
21 11 672
398 28 407
778 553 908
803 167 654
246 952 992
644 520 944
730 92 129
380 586 634
529 283 894
532 718 791
315 926 961
60 486 990
368 152 652
471 791 805
568 82 330
608 267 997
662 438 670
990 690 785
667 171 602
869 499 926
364 531 724
332 298 529
968 847 855
981 772 991
447 507 516
745 192 896
587 777 842
533 815 843
10 85 766
191 900 985
747 258 425
124 511 895
203 475 772
519 872 953
570 351 655
991 633 848
373 215 332
977 438 491
408 161 424
473 512 695
420 756 796
792 474 492
243 24 471
43 1 645
838 146 158
620 41 343
145 913 985
447 249 757
55 851 898
396 465 878
343 196 269
284 661 681
250 489 979
429 889 925
881 71 557
381 229 520
863 536 984
832 139 466
83 707 750
48 280 450
690 916 920
315 487 585
529 12 32
835 172 483
835 744 882
424 588 718
260 353 728
618 896 992
768 911 926
967 920 938
3 751 828
876 778 873
660 961 998
253 875 954
748 187 914
99 280 490
366 10 369
782 941 957
668 885 931
598 105 216
175 795 935
811 337 748
727 197 431
236 557 592
897 903 998
822 54 239
431 990 996
941 294 814
733 994 1000
840 632 818
885 865 879
485 574 885
99 704 967
674 182 877
393 929 969
533 409 673
190 653 972
457 748 786
80 579 766
384 261 670
345 184 658
785 39 329
100 716 903
476 615 972
712 131 477
437 250 563
855 107 852
430 664 819
285 407 536
358 653 932
152 495 695
381 45 966
288 202 325
729 628 867
170 40 290
112 547 659
123 522 875
567 425 737
999 269 759
531 89 655
672 804 951
401 597 885
502 964 989
987 369 491
343 111 269
592 666 697
408 208 641
874 472 568
636 41 459
727 916 947
46 219 865
535 705 764
234 669 734
559 692 774
128 584 784
311 320 951
154 301 820
591 665 667
661 793 925
188 742 968
527 51 472
476 213 674
969 774 916
781 198 596
353 903 981
794 570 706
979 826 911
554 849 856
723 940 951
347 676 697
592 38 346
305 190 550
773 829 977
353 517 780
11 170 873
538 828 898
354 835 896
787 685 990
658 770 851
836 664 887
939 470 777
847 725 906
259 97 720
27 841 925
84 165 242
913 677 684
694 690 997
575 446 924
261 736 953
890 677 792
315 911 926
139 257 606
524 623 767
975 302 656
953 727 893
771 404 920
719 548 657
715 706 901
713 914 930
319 789 807
162 351 946
141 284 763
843 693 841
922 684 891
609 486 937
900 462 901
14 685 936
987 682 832
462 485 975
798 762 991
84 742 767
438 726 795
339 244 307
568 77 105
152 285 948
255 154 200
642 614 906
450 464 542
387 641 956
459 251 955
272 183 997
861 776 904
816 244 562
834 760 799
121 647 697
64 994 995
33 851 957
910 910 985
388 61 881
325 167 888
496 786 843
739 438 746
711 897 941
59 343 644
272 791 960
114 723 988
868 81 636
440 844 866
16 119 617
114 938 972
871 473 908
506 659 757
588 76 440
229 375 537
623 23 857
353 221 647
486 490 999
523 632 668
263 577 855
733 124 373
371 41 72
125 348 563
118 301 850
769 696 850
441 379 510
302 873 943
995 923 988
10 154 611
910 585 930
936 110 406
306 265 836
42 983 995
692 320 663
712 985 996
152 715 965
171 87 590
454 39 481
864 925 932
161 85 691
394 838 906
842 406 707
50 665 996
285 584 697
674 731 953
527 565 939
964 596 801
557 465 689
249 67 789
325 457 983
948 714 994
761 362 846
85 108 203
781 685 701
303 323 351
616 382 722
604 909 942
340 458 950
63 642 902
380 746 753
731 370 412
949 626 889
546 143 329
794 502 670
250 260 929
764 720 918
939 850 946
799 341 522
623 732 926
625 761 957
232 351 871
358 158 528
968 11 823
122 805 883
968 832 929
19 445 583
261 712 716
389 719 753
129 892 983
74 252 602
506 106 911
602 826 872
538 983 998
528 284 695
143 985 987
35 222 838
24 817 851
729 302 524
725 904 945
333 126 708
436 432 625
346 623 974
195 973 987
6 303 395
925 785 799
358 713 970
701 518 576
416 464 719
487 368 959
8 802 936
907 440 999
189 205 318
793 312 554
732 493 570
29 757 921
952 143 916
389 27 979
699 857 958
929 456 734
840 820 944
417 470 610
449 360 522
784 633 861
845 354 894
10 248 569
292 584 804
377 597 990
728 930 953
715 485 672
295 768 966
491 993 995
821 905 970
96 703 808
530 227 820
741 235 324
694 339 829
519 358 841
236 286 916
87 576 999
306 756 959
794 784 942
812 169 256
923 214 842
900 934 1000
637 96 846
119 429 969
916 870 942
483 195 260
977 597 712
381 965 994
761 850 914
703 646 828
428 608 637
440 82 591
525 123 796
974 803 1000
975 539 718
956 988 996
536 398 594
29 811 818
178 180 928
590 883 974
541 508 755
326 842 851
325 46 399
56 639 908
800 646 704
172 145 770
843 399 773
821 515 806
879 142 504
899 356 365
697 277 528
694 572 757
143 109 440
823 734 998
5 932 996
355 177 599
61 730 809
759 299 909
347 298 720
838 552 841
676 146 572
957 794 823
21 578 927
880 902 976
604 865 932
928 873 981
846 920 992
823 250 663
645 121 248
100 727 840
853 952 958
329 803 877
337 495 736
972 182 213
470 917 943
662 934 960
229 130 600
353 693 917
425 317 356
113 255 957
644 511 695
69 412 434
851 761 829
567 317 694
183 900 944
589 989 996
523 751 922
875 838 870
413 657 971
746 535 614
727 778 843
61 901 916
937 10 302
212 544 578
856 501 783
717 889 990
92 802 982
660 875 879
972 425 686
549 587 887
585 99 612
444 744 897
200 308 744
601 306 594
902 253 777
722 250 779
388 364 751
957 542 911
320 646 816
35 603 825
828 573 738
796 575 994
859 495 982
560 240 500
378 755 857
809 999 1000
533 522 543
505 894 958
504 13 837
640 86 981
622 111 530
564 483 601
649 60 128
855 781 886
779 871 985
715 212 350
712 71 384
952 561 977
528 200 961
603 18 486
24 649 981
36 406 492
582 922 940
74 610 702
994 784 841
88 590 925
851 328 772
78 587 602
82 524 957
731 407 408
824 667 884
154 326 381
353 781 898
739 244 953
857 958 992
976 58 993
276 415 543
8 557 753
902 407 508
240 353 431
547 841 948
301 220 620
468 555 810
868 637 895
300 267 997
363 920 926
590 297 341
77 362 634
662 501 588
47 501 650
212 427 695
294 830 888
231 514 610
947 900 971
433 61 426
464 56 787
979 41 180
46 955 968
89 631 972
671 643 978
743 881 986
867 740 995
525 713 854
347 40 926
468 574 663
345 109 527
117 918 949
529 915 985
530 756 776
224 516 677
178 891 910
545 510 996
354 956 982
706 749 987
983 326 601
97 966 977
745 699 822
155 209 843
615 633 832
922 501 640
113 544 646
929 886 921
318 203 710
373 222 828
415 763 894
442 59 167
490 931 974
664 793 818
971 404 948
810 833 983
587 935 944
441 910 988
655 389 634
687 125 202
817 497 946
18 626 910
771 120 407
67 44 422
940 896 995
597 587 836
865 127 483
728 111 785
328 229 698
157 609 835
934 402 544
936 455 634
770 954 972
253 369 835
168 947 985
770 84 477
18 568 839
721 973 999
65 907 983
945 685 762
728 801 978
741 33 557
224 516 994
734 568 958
392 838 993
372 177 953
232 987 989
332 77 95
835 354 858
712 561 1000
179 150 201
594 46 512
347 533 646
790 104 749
543 103 561
702 679 720
120 853 876
711 608 959
776 6 69
367 654 790
264 789 863
131 753 857
937 876 941
492 851 926
763 577 935
225 118 266
686 639 844
275 621 638
83 889 957
669 690 760
229 524 647
443 586 685
114 652 936
474 47 185
240 755 894
720 337 584
185 250 941
653 256 752
226 223 522
764 481 534
588 691 859
117 144 653
410 119 918
441 617 754
933 124 875
47 971 987
244 917 975
110 539 882
582 667 823
318 667 728
353 298 819
532 224 888
538 355 837
535 825 945
764 58 68
983 773 937
765 310 663
716 447 552
394 303 612
60 371 1000
564 94 345
598 70 100
982 275 653
249 365 634
348 125 833
612 209 732
1000 459 872
985 285 646
111 656 786
773 339 452
688 598 614
84 952 961
684 582 679
983 30 266
413 731 954
241 312 822
762 24 152
190 478 749
376 150 600
139 549 820
23 819 927
279 92 893
293 337 800
724 785 933
253 305 791
567 228 261
990 609 732
290 71 352
38 186 416
883 816 917
757 226 493
653 109 151
981 854 986
742 537 621
160 800 870
776 356 658
939 353 368
490 451 943
534 200 686
753 390 738
656 81 563
368 671 994
142 910 919
291 215 672
562 258 285
652 482 732
733 723 933
75 493 551
960 736 930
688 195 558
507 497 522
349 153 199
827 465 677
221 671 678
528 976 989
955 217 482
967 956 972
316 194 636
934 166 877
304 261 490
961 855 971
861 995 999
218 521 931
627 137 514
650 408 894
538 22 643
131 784 824
250 750 861
351 524 565
637 934 993
330 775 826
957 919 976
257 898 935
329 298 362
874 88 835
455 355 499
500 7 281
126 514 680
24 126 560
758 687 952
404 569 849
377 392 721
837 483 521
979 526 810
502 746 990
377 128 586
876 639 798
932 710 863
788 386 793
177 868 916
831 163 417
40 824 983
739 612 712
542 433 522
456 542 659
216 392 630
60 994 997
936 31 270
741 739 917
753 606 928
209 806 937
568 720 826
786 44 307
595 489 951
166 204 734
723 397 970
484 975 991
793 575 912
557 204 619
704 375 534
177 714 920
887 481 742
920 819 896
38 386 413
580 589 915
212 933 947
462 363 805
743 276 404
73 441 970
448 66 449
43 969 995
302 597 704
98 180 286
253 131 209
801 865 928
960 475 797
183 429 454
151 151 866
589 974 987
745 695 745
983 635 917
376 450 642
968 632 951
119 60 170
265 27 308
895 313 567
396 531 796
825 208 470
136 427 535
334 283 875
629 469 503
635 542 560
407 864 912
458 506 637
676 238 769
852 42 817
659 846 968
898 324 986
477 412 903
75 379 462
184 258 808
42 844 946
581 767 785
160 69 564
511 710 810
583 939 968
234 806 828
392 206 236
341 435 507
55 455 916
733 800 850
591 449 552
777 481 954
319 776 867
812 749 913
830 281 458
829 765 851
469 634 642
882 918 982
889 425 775
903 967 976
301 907 935
810 22 77
758 23 885
651 818 968
918 234 551
486 38 300
138 759 904
401 766 926
616 336 733
216 815 886
802 678 796
413 811 871
957 243 833
207 345 485
592 978 987
456 872 947
246 756 836
958 506 957
645 282 424
991 898 962
439 220 377
102 657 828
884 68 835
784 382 692
315 782 817
989 301 452
941 509 774
136 171 630
902 552 809
304 506 576
231 488 575
570 468 471
964 976 999
203 560 899
548 187 459
149 758 917
830 585 759
785 64 79
511 755 774
212 644 952
449 673 675
138 662 862
649 988 995
750 213 302
55 782 789
116 586 694
934 64 583
427 109 803
795 292 418
187 103 585
984 730 777
214 59 331
747 899 955
147 540 926
432 984 1000
551 126 807
921 806 848
309 785 934
599 598 976
273 278 281
676 987 999
363 77 307
148 251 637
303 222 831
667 802 972
455 390 507
774 286 411
888 210 775
393 336 415
302 215 384
505 429 811
875 626 845
831 418 709
974 490 498
765 181 676
849 513 899
441 400 716
375 658 897
370 721 756
250 920 937
481 723 886
10 892 938
788 205 476
51 962 994
451 53 535
334 959 970
817 436 897
98 28 635
741 259 631
214 399 778
370 965 973
915 835 895
353 11 745
