horizontal segments 2000
496 636 827
231 997 590
921 964 738
183 915 565
879 884 318
880 883 587
976 982 323
680 705 180
532 851 148
656 840 292
438 944 579
371 941 57
671 873 226
264 992 896
863 908 24
865 891 869
131 605 711
876 926 922
455 781 585
366 658 359
844 889 40
202 498 442
174 728 936
90 289 230
830 842 698
324 957 52
112 299 444
738 754 243
199 482 370
116 414 703
444 960 532
914 984 506
430 739 769
897 986 539
929 932 626
971 972 989
560 882 930
18 675 764
38 255 558
150 802 676
963 977 407
883 989 216
435 943 466
796 926 519
657 884 968
962 981 357
866 995 949
95 955 740
393 491 729
644 939 263
69 641 615
616 834 840
929 999 814
991 999 373
216 709 447
868 952 913
316 753 308
207 703 65
585 715 113
905 916 815
323 517 378
172 777 623
758 908 743
854 893 617
951 977 437
660 779 15
642 870 453
324 545 705
40 426 190
438 782 911
333 914 478
256 880 366
856 933 923
131 351 814
302 401 37
492 739 178
573 611 797
906 911 134
922 991 621
94 395 627
613 730 77
485 918 103
863 919 239
555 989 37
309 656 186
459 902 215
707 976 705
976 984 266
63 692 467
537 931 218
729 984 402
647 790 198
701 838 184
373 844 603
79 582 521
950 974 281
323 526 739
932 963 939
383 943 177
455 479 503
909 926 766
369 732 638
840 909 193
905 997 636
434 791 655
526 645 400
998 999 590
504 771 517
182 900 847
22 760 664
187 833 313
386 842 243
201 479 786
241 629 717
112 318 415
849 975 801
255 584 87
554 968 626
154 789 847
717 776 178
154 907 718
906 921 69
728 789 463
766 867 917
963 983 790
201 791 615
232 376 796
556 658 430
987 1000 362
680 696 345
993 997 925
578 613 960
987 994 241
78 641 6
521 715 660
628 702 811
865 874 104
830 886 673
181 418 772
960 971 801
350 594 943
437 670 222
682 692 563
268 370 65
844 910 178
964 986 520
617 845 334
289 550 668
17 894 103
198 450 521
590 676 854
812 878 517
208 306 112
664 728 257
3 192 631
900 983 977
237 550 588
98 709 586
840 901 558
263 680 234
194 702 898
665 790 622
187 277 274
965 995 111
638 996 322
899 954 57
856 969 161
243 388 265
343 404 220
180 591 440
914 978 205
881 910 824
417 591 571
749 796 154
167 846 208
843 988 682
111 387 265
203 828 748
447 645 259
915 997 119
607 778 120
559 637 253
81 891 594
536 731 199
251 357 360
440 975 916
131 543 249
875 959 304
656 774 984
59 322 624
409 453 621
907 1000 298
978 1000 786
758 907 246
707 804 133
263 319 465
919 920 541
217 312 281
118 545 620
344 723 550
421 621 993
416 639 885
269 990 288
705 940 714
391 961 262
341 804 984
390 505 593
80 895 878
347 916 408
83 743 823
800 842 237
240 682 983
299 877 195
154 268 817
557 588 698
55 806 618
356 950 740
887 896 465
648 960 336
315 588 525
845 906 349
707 802 814
529 851 337
964 987 491
408 542 258
644 965 582
994 997 1000
684 910 879
191 569 91
25 417 145
942 944 288
871 972 421
114 729 682
929 947 15
4 244 682
961 984 870
336 447 501
373 600 849
746 763 164
244 885 148
51 890 447
139 285 949
550 932 787
176 769 68
136 152 426
580 591 919
506 561 28
914 946 450
368 931 84
680 922 338
676 994 799
94 574 594
470 761 906
611 778 595
959 975 123
880 922 17
862 977 625
57 921 559
130 443 425
860 935 696
517 661 996
690 997 809
951 980 732
739 867 769
349 971 23
811 895 186
107 745 402
232 945 408
594 649 72
894 998 872
467 797 449
580 676 256
323 570 191
358 894 631
472 644 12
463 978 109
765 775 799
682 947 789
524 651 630
584 759 614
615 775 78
548 616 274
175 975 198
9 619 943
305 367 142
284 841 715
552 700 46
199 730 840
406 567 586
306 428 426
24 423 394
270 279 102
710 961 185
892 933 665
325 767 862
573 640 828
442 815 903
57 958 363
866 877 354
230 579 807
491 560 55
59 834 106
309 531 260
281 784 591
216 816 255
453 765 895
557 761 774
651 765 74
641 921 916
156 756 266
627 866 713
911 942 229
874 960 314
864 949 195
618 706 532
961 995 595
385 787 327
778 859 846
604 862 322
982 987 969
551 751 350
628 894 807
67 741 263
657 809 898
61 563 625
779 835 6
216 339 418
614 636 133
932 964 986
828 974 925
910 985 442
196 631 296
736 747 76
502 567 253
647 811 106
643 873 557
997 999 256
389 709 184
221 276 522
374 683 374
824 968 349
130 227 432
945 962 342
149 679 894
599 977 570
56 642 387
458 878 872
188 625 273
361 805 940
695 823 479
308 629 64
858 915 262
687 699 999
988 989 926
692 957 341
745 972 368
193 824 262
913 929 970
876 948 399
161 469 172
330 343 237
284 938 390
319 948 791
740 893 585
901 990 391
144 375 927
846 964 358
921 981 665
531 655 512
926 958 853
358 965 702
815 899 966
520 854 598
970 991 973
762 905 178
122 367 727
552 790 946
142 185 748
309 512 193
934 977 797
226 915 113
515 944 607
286 725 237
645 706 56
53 562 954
424 943 175
665 879 654
598 790 167
730 865 595
94 454 230
255 908 362
662 726 461
508 586 444
906 935 956
679 742 377
149 440 607
14 690 941
793 928 331
989 994 760
733 745 11
313 585 447
43 850 896
397 488 49
607 810 116
190 599 130
109 817 586
555 562 130
790 894 781
68 671 87
527 532 568
777 929 272
978 985 126
734 750 794
174 964 33
728 734 560
187 982 480
142 566 53
418 628 15
841 962 734
202 259 658
608 894 737
278 820 892
279 888 383
48 619 914
774 840 511
303 670 805
861 888 81
204 244 31
991 994 391
305 843 81
514 750 711
179 688 502
953 958 423
675 882 392
736 854 712
962 985 705
942 944 802
264 696 105
297 328 22
639 698 740
186 813 817
898 982 128
6 189 24
391 563 84
834 868 929
240 480 661
816 906 269
828 918 552
960 968 600
447 453 672
667 938 310
602 643 41
817 927 941
158 403 678
11 362 346
150 601 733
447 673 74
514 974 250
578 849 952
551 775 536
587 673 882
760 811 345
300 490 779
746 802 928
94 321 508
444 546 817
184 215 602
527 921 985
459 655 954
718 762 203
578 894 811
477 526 639
334 826 723
15 388 575
665 751 782
144 632 446
784 948 992
732 973 454
564 647 991
74 306 24
992 997 369
963 970 476
168 404 906
148 803 731
562 759 330
947 997 77
165 548 661
756 923 407
526 759 533
221 385 248
357 932 170
158 479 606
810 893 572
772 888 959
144 344 721
187 969 285
606 651 875
742 775 60
507 801 61
188 361 833
353 756 328
711 805 352
305 669 59
706 750 929
268 542 124
242 387 904
811 874 922
549 619 979
199 861 310
439 947 157
973 993 79
700 991 473
129 365 502
924 1000 984
204 825 203
226 931 560
292 498 723
846 968 162
266 500 332
652 971 934
300 725 870
311 837 208
884 900 606
480 653 681
430 535 896
856 943 842
27 627 467
272 758 614
849 961 413
987 995 685
710 980 663
397 917 218
908 975 885
345 960 388
989 994 68
715 805 441
205 673 646
25 143 555
402 902 743
322 898 299
115 179 303
150 373 236
528 570 242
480 656 199
752 951 245
64 747 934
713 734 842
962 974 566
630 700 831
212 404 691
935 952 122
450 832 180
220 388 64
335 941 210
473 722 33
849 908 10
950 981 379
3 987 40
38 431 785
491 506 631
176 905 670
620 807 471
187 578 908
230 826 161
62 301 264
216 315 195
679 950 353
644 946 635
998 999 202
400 780 491
662 790 841
96 824 552
129 803 83
719 950 236
693 959 783
109 719 638
545 978 178
518 930 653
624 879 243
951 952 330
974 987 363
989 991 616
988 1000 428
273 352 507
187 882 151
771 782 497
915 989 882
303 662 311
69 416 976
439 994 251
794 830 758
825 985 199
845 919 142
752 842 438
675 824 614
195 717 28
136 591 835
40 72 530
54 791 617
120 299 907
540 689 511
83 420 755
732 951 836
864 966 508
910 939 215
13 50 648
612 998 955
745 861 411
208 302 559
256 971 946
345 931 772
549 832 303
539 773 274
837 887 105
896 999 595
482 553 594
487 913 564
717 963 857
48 91 347
229 380 972
682 909 481
457 827 588
98 889 340
437 534 127
31 329 230
295 746 238
35 222 560
960 963 936
928 929 9
465 547 764
822 922 608
751 794 188
401 446 885
950 989 385
694 960 394
628 877 874
100 961 624
362 413 828
58 788 905
256 718 121
126 140 892
221 467 202
422 878 860
828 904 534
959 990 623
676 729 201
543 896 410
146 956 209
54 658 504
108 814 261
841 1000 255
740 829 562
22 401 237
135 178 976
357 445 449
322 898 56
284 713 548
598 842 483
414 453 402
946 962 130
68 675 871
771 963 208
956 973 935
976 998 739
269 652 503
243 500 624
420 582 938
333 409 936
469 715 607
17 214 478
729 906 800
641 875 223
364 870 274
236 602 180
882 996 436
457 943 257
275 376 14
21 392 303
977 978 123
511 646 998
763 794 599
529 566 10
992 993 338
325 583 143
181 902 17
161 234 916
699 856 337
632 999 425
882 923 757
674 871 510
727 948 535
298 901 509
344 806 168
299 502 491
113 751 673
144 917 96
164 800 399
558 806 323
733 902 600
522 996 648
141 468 889
446 800 856
261 696 669
970 995 905
594 810 854
186 774 566
988 990 949
114 148 857
616 980 795
669 906 694
88 872 942
165 736 495
790 970 991
501 685 511
355 860 654
886 978 630
266 542 147
276 600 492
16 378 77
113 172 335
112 499 826
353 929 192
569 963 733
288 610 406
215 841 517
719 877 93
161 502 143
649 862 946
963 969 807
16 244 172
393 498 259
734 880 507
69 603 345
196 919 417
440 759 136
85 327 423
449 988 112
422 465 60
702 876 647
462 707 163
252 269 800
375 990 996
80 517 394
679 765 415
893 951 752
476 507 467
157 989 796
132 931 885
245 587 210
140 774 263
195 611 635
757 893 754
664 906 85
77 272 167
786 913 301
320 742 344
608 747 627
995 996 528
941 961 795
965 972 478
6 816 20
804 822 632
665 905 810
572 652 959
331 478 290
512 995 815
527 793 167
616 972 436
953 993 334
838 957 909
595 984 553
418 553 331
159 171 71
557 561 95
620 714 555
548 916 282
460 501 863
902 933 823
373 869 266
176 563 758
474 963 752
912 973 777
870 957 159
165 595 284
776 807 98
891 934 13
854 858 86
114 207 982
759 962 552
94 444 194
981 997 258
28 124 570
665 975 812
377 496 85
135 531 467
261 857 680
129 578 349
468 957 655
139 203 141
295 591 684
759 776 971
788 964 859
563 564 49
613 663 441
71 666 225
720 761 250
464 541 387
536 586 434
603 726 323
869 883 905
300 820 26
574 876 571
507 853 444
754 798 505
727 818 887
667 952 56
712 927 518
660 671 878
129 795 90
743 868 625
808 986 874
410 634 25
282 949 551
119 246 253
343 758 91
633 811 943
821 969 946
530 996 568
765 956 932
134 960 874
949 966 476
521 571 479
61 662 235
57 517 600
120 533 29
420 485 854
356 895 780
82 488 161
260 577 20
924 968 443
47 826 218
767 868 410
640 926 936
898 986 857
714 842 877
623 941 811
308 796 70
107 922 574
858 869 731
10 713 235
609 776 245
698 825 807
455 637 517
788 896 556
513 546 675
964 966 521
847 990 687
278 628 18
809 964 461
136 853 865
325 936 989
542 608 37
531 770 579
217 969 779
592 642 951
748 891 933
727 803 617
573 867 672
244 819 146
991 999 720
24 64 693
978 988 672
232 911 779
339 561 751
65 798 48
742 874 549
644 845 477
81 398 197
429 501 933
170 297 897
587 811 705
733 889 397
955 996 410
492 901 731
136 318 464
369 391 874
27 593 758
467 471 408
599 902 811
180 847 332
191 282 460
347 774 214
970 982 90
736 751 305
111 325 98
673 698 211
168 445 686
594 774 931
41 819 855
869 994 662
747 780 584
999 1000 698
391 607 785
919 962 967
581 956 686
353 654 861
303 461 173
360 449 642
370 855 608
163 491 176
157 245 432
486 598 168
511 722 436
949 956 964
355 492 668
841 893 661
372 526 863
676 825 328
769 953 276
485 743 804
505 771 498
7 785 480
803 953 693
881 921 326
27 552 550
974 984 993
476 964 412
123 234 88
352 594 813
438 911 592
898 920 476
677 927 845
130 162 641
102 211 922
974 995 612
796 907 585
351 930 310
728 870 919
303 561 33
708 898 870
55 471 268
175 786 786
364 447 553
496 817 774
894 965 556
941 947 534
807 939 209
595 646 533
260 354 972
366 520 964
979 999 407
730 979 114
173 393 515
870 971 23
35 877 448
999 1000 773
658 858 948
876 891 99
365 701 49
157 354 699
222 782 381
138 521 772
340 437 687
149 308 336
522 868 357
398 452 671
841 860 58
718 756 4
473 630 473
995 1000 363
838 979 478
828 916 787
754 901 966
630 933 816
121 228 884
639 744 338
345 924 272
219 666 598
49 214 610
284 825 406
541 931 371
514 961 151
659 913 79
913 964 631
61 658 524
885 969 767
965 979 60
177 500 651
58 606 506
912 947 389
441 608 910
939 964 123
271 392 218
567 692 946
477 544 144
861 900 916
821 992 326
612 830 181
756 767 231
455 951 804
844 981 474
352 989 562
777 792 570
473 508 436
524 955 702
987 991 530
776 958 818
560 657 952
124 379 58
418 669 333
322 901 206
918 950 992
564 649 696
898 958 593
308 691 863
206 585 855
852 973 325
960 999 469
239 840 935
109 701 225
21 935 483
244 818 556
178 253 381
730 989 232
361 469 688
338 884 128
901 931 867
221 842 537
121 186 202
905 906 100
335 969 689
471 543 87
614 913 76
615 639 882
917 965 669
297 389 93
84 664 806
597 837 868
581 652 972
273 752 848
691 829 129
405 736 906
18 924 661
391 695 772
279 828 646
776 848 813
691 841 655
811 903 720
383 984 325
799 966 843
115 514 867
896 945 700
829 833 922
772 929 473
940 950 229
857 877 291
679 795 707
872 920 72
958 987 928
427 500 265
314 601 416
709 779 606
986 994 180
491 590 822
642 700 878
297 521 401
776 882 91
54 233 196
742 920 258
553 850 127
155 214 988
2 720 538
913 997 448
714 907 539
111 276 47
418 552 442
616 882 718
332 562 2
129 165 770
451 717 962
133 742 320
932 994 820
743 845 821
94 676 462
734 865 340
244 877 559
322 978 614
709 831 279
713 956 765
153 629 162
711 765 618
866 968 968
801 825 281
36 743 2
79 203 177
135 539 896
800 968 384
284 577 724
321 441 254
75 617 595
242 757 840
649 695 458
998 999 147
186 664 371
326 801 637
461 950 455
392 734 550
155 691 675
916 942 318
442 499 271
11 574 793
92 146 892
404 534 945
970 983 339
430 485 81
94 271 626
703 872 514
883 971 915
981 992 129
838 932 91
792 912 596
578 603 311
480 573 468
575 690 723
925 963 988
915 992 123
367 698 188
267 316 227
956 974 99
85 177 169
799 968 758
582 846 645
549 837 117
739 817 149
501 929 509
781 858 44
133 499 189
337 897 421
759 999 338
176 603 782
45 727 607
429 641 461
824 858 948
661 704 347
832 875 390
547 861 417
419 887 289
183 461 530
787 868 364
474 722 587
736 891 658
238 698 314
46 124 836
999 1000 502
127 471 273
648 916 583
275 379 682
133 988 185
179 420 759
597 608 954
621 775 421
463 729 146
952 974 928
461 909 755
261 485 120
326 623 201
581 933 666
434 809 726
667 724 648
434 563 645
453 794 114
509 610 448
966 989 470
491 885 853
555 810 65
536 644 119
898 965 796
666 691 753
342 831 266
298 716 610
415 980 576
54 795 970
374 762 669
845 888 131
996 999 572
930 986 743
366 923 23
782 986 167
855 932 383
102 953 690
227 532 951
74 622 984
808 832 96
475 959 666
966 996 317
29 920 888
997 1000 967
861 883 465
6 304 162
624 963 524
140 600 552
760 938 821
640 734 723
544 674 336
296 482 460
224 791 670
758 800 304
738 968 383
394 547 976
772 895 316
903 969 177
121 655 15
287 448 143
590 665 769
59 974 636
835 865 972
528 627 432
383 820 673
693 877 254
981 986 60
596 718 446
597 952 615
307 810 47
325 977 823
767 996 666
465 532 968
106 165 281
138 858 217
193 689 944
508 971 975
886 897 709
757 880 289
763 915 329
285 929 234
166 195 456
149 705 674
467 663 806
761 822 350
24 785 11
538 912 436
895 943 17
388 848 53
51 858 609
648 918 270
322 336 961
649 947 538
777 912 84
682 841 440
755 837 197
724 927 635
615 731 390
475 773 123
901 917 420
71 515 776
264 736 60
185 477 368
154 230 674
417 617 931
125 367 633
900 934 864
188 809 154
189 992 179
963 984 329
940 950 891
718 811 56
608 984 536
402 696 302
277 882 7
204 646 888
9 993 511
948 958 173
180 594 766
54 936 908
165 833 561
282 695 558
793 969 114
889 942 657
768 968 175
732 844 14
205 246 812
911 923 623
685 827 11
538 556 476
617 655 872
579 621 164
906 927 653
408 916 764
352 964 994
229 699 735
471 674 969
25 489 991
800 852 499
295 905 883
245 710 890
655 905 865
291 947 267
414 463 777
384 762 664
666 848 801
126 367 459
440 891 803
439 844 722
119 315 53
980 994 905
639 877 385
45 465 570
916 936 74
705 835 549
629 744 930
258 982 450
211 437 758
298 845 955
522 752 669
980 983 665
33 580 938
461 722 515
773 901 766
573 632 391
698 746 239
777 881 511
766 787 206
423 455 906
991 996 349
107 374 812
523 841 822
652 881 774
673 772 560
911 978 318
579 953 78
16 888 542
121 403 372
214 799 656
11 298 25
714 876 912
170 491 43
767 895 180
139 406 819
96 910 502
974 980 918
490 509 963
400 440 293
381 743 684
261 916 116
960 975 835
294 681 105
970 989 679
960 966 882
712 981 962
87 215 981
607 608 378
779 892 118
175 995 725
224 536 42
935 974 31
965 976 324
932 950 829
305 503 595
118 525 256
149 637 599
765 802 877
413 935 148
722 992 417
550 986 940
180 446 513
117 270 958
406 597 100
257 854 927
710 756 436
436 554 617
395 708 228
925 953 872
133 301 529
55 141 914
56 237 489
598 812 478
539 542 807
380 648 98
853 954 495
406 481 333
363 566 897
329 688 50
453 922 918
903 962 447
332 734 880
577 910 552
791 825 142
118 498 133
754 814 342
38 655 772
980 996 86
873 943 606
623 751 981
653 999 763
628 754 654
838 961 703
634 645 194
498 563 785
537 728 873
865 908 989
707 749 342
842 853 392
498 928 694
534 799 532
185 202 400
343 423 78
339 513 509
757 893 270
585 867 15
125 613 338
346 523 780
35 374 497
133 586 477
962 971 117
586 669 318
602 689 76
690 749 564
590 963 785
818 884 681
105 686 749
185 502 881
564 818 544
44 409 31
178 331 96
626 903 430
955 980 494
102 810 820
142 854 740
833 934 849
879 890 490
154 389 597
250 334 484
866 961 397
174 387 868
653 828 304
223 898 288
176 850 549
134 866 391
94 929 244
982 996 424
418 705 902
21 382 766
630 674 965
710 889 247
141 407 454
457 656 553
104 311 357
938 966 719
855 919 659
472 559 652
104 765 360
331 655 376
828 959 850
475 556 474
648 904 983
659 963 886
601 666 780
476 612 880
594 742 425
342 462 635
427 524 433
26 734 608
915 948 545
441 912 176
985 996 14
242 581 741
301 686 764
590 603 685
430 963 102
165 549 412
901 960 278
30 45 286
455 654 696
603 608 327
505 754 232
903 947 754
443 702 238
547 562 510
832 981 908
723 964 337
436 688 600
969 976 993
446 865 899
380 602 861
584 627 617
440 723 510
879 959 383
758 800 241
495 697 189
87 529 276
61 301 945
350 717 152
933 995 101
919 980 706
952 967 440
495 728 142
408 678 454
985 992 63
822 845 298
353 360 305
213 297 328
707 715 49
323 397 923
274 798 331
716 967 411
167 514 950
694 757 909
991 993 294
167 447 652
162 954 908
116 953 609
670 919 708
536 830 125
610 975 115
945 990 378
521 731 962
359 418 287
765 985 172
938 970 691
394 983 564
554 565 349
748 809 742
6 409 744
767 973 420
661 880 906
729 848 917
213 918 195
333 962 991
481 738 87
808 816 560
237 651 625
569 617 814
501 731 202
141 475 194
119 576 190
73 395 12
985 999 531
962 984 268
216 899 888
212 226 849
987 990 52
336 577 183
318 656 901
651 911 88
113 729 518
980 981 557
771 910 267
246 338 929
908 995 218
862 897 479
579 769 638
452 545 552
453 905 602
930 942 60
919 998 280
495 658 285
959 985 737
417 533 36
499 543 750
411 810 140
572 681 99
404 668 125
197 360 332
670 929 482
118 777 129
807 873 344
827 835 319
787 834 428
979 1000 397
562 845 64
482 654 714
779 901 733
46 738 574
662 967 688
945 996 658
409 579 984
605 655 34
881 886 788
478 921 849
654 722 706
460 748 769
190 753 471
175 766 216
774 789 21
659 799 461
26 71 962
820 897 621
316 549 721
366 538 67
93 981 673
220 542 938
356 467 521
389 866 186
821 958 93
45 378 116
514 536 376
282 775 787
280 386 264
369 809 255
918 933 523
903 982 147
724 812 714
193 835 170
932 975 308
428 596 14
66 830 201
560 983 904
868 964 250
728 992 323
594 942 8
39 577 994
672 698 887
109 319 399
690 732 990
786 891 419
926 959 146
899 972 412
268 507 933
432 687 569
870 998 534
668 893 12
535 799 916
859 980 353
30 32 595
788 907 520
463 768 17
859 961 918
639 812 492
88 184 451
667 808 52
317 930 184
189 583 153
732 943 569
945 960 440
663 994 376
56 318 381
871 967 332
239 605 628
68 290 880
934 954 973
790 878 599
48 518 476
906 918 304
164 779 788
91 481 754
948 980 449
7 266 241
847 884 118
951 955 346
59 87 90
365 654 953
990 993 410
695 927 66
519 592 263
111 816 483
919 924 915
536 683 524
782 977 685
467 950 978
659 808 37
123 864 752
652 997 251
650 952 608
143 977 775
619 777 767
300 642 117
650 954 749
427 636 590
796 921 943
166 534 127
467 854 326
437 760 589
171 432 756
613 698 741
236 574 461
945 997 784
209 420 163
385 842 45
726 908 956
697 906 514
159 797 469
955 963 639
990 995 705
338 933 871
218 742 79
599 697 963
66 394 778
587 888 689
402 792 870
585 960 915
387 569 520
217 904 596
724 817 704
625 902 178
986 987 773
740 825 549
121 672 12
608 650 182
784 974 796
214 368 157
158 388 405
911 991 279
77 752 988
993 997 991
628 846 434
356 745 582
763 820 398
365 582 670
533 991 213
612 994 187
438 977 138
544 712 678
967 993 532
573 622 932
838 842 405
489 547 51
181 870 691
993 998 838
949 978 266
161 635 972
407 556 750
317 704 93
346 920 114
471 680 312
994 998 372
859 912 492
185 596 971
823 999 917
129 701 432
190 951 949
36 928 172
529 694 992
599 968 313
581 705 381
736 754 33
293 430 295
228 476 385
134 808 11
484 512 883
669 842 741
299 987 177
710 810 686
812 833 256
95 769 707
564 872 710
562 966 830
656 712 267
162 966 331
454 777 15
413 444 868
4 60 211
301 390 19
902 961 914
659 695 60
648 724 164
996 997 183
28 165 773
925 980 164
90 310 997
371 802 306
946 967 175
191 225 184
72 807 221
913 949 380
266 855 346
764 851 286
444 702 912
427 915 222
979 996 74
408 844 46
987 999 184
62 653 774
567 697 120
967 998 191
399 525 397
109 254 383
331 847 52
647 715 193
637 742 285
784 785 55
276 526 360
328 442 294
853 889 870
960 992 287
172 805 649
551 918 167
968 975 371
568 908 286
525 977 931
270 476 65
751 807 397
595 729 463
160 923 917
499 760 53
473 920 499
248 362 330
75 126 352
118 420 348
523 526 980
688 722 940
824 826 577
85 449 610
945 982 578
706 977 821
924 960 359
270 505 221
932 994 650
958 960 87
342 479 402
465 998 620
865 899 520
664 683 236
538 808 685
647 782 808
384 474 556
852 916 512
650 954 920
206 849 325
614 912 523
985 987 96
195 830 20
299 765 880
757 781 532
253 424 654
671 739 367
711 837 274
785 967 751
38 680 239
59 831 654
956 983 267
334 788 288
79 147 165
808 988 955
743 905 988
866 907 132
182 763 288
188 725 853
608 951 771
472 991 39
393 675 274
205 531 123
119 528 320
751 952 724
444 637 950
26 635 954
242 399 486
27 439 358
57 872 958
575 982 115
298 972 186
157 852 714
283 964 682
867 935 254
437 909 507
303 736 697
969 992 276
885 922 84
14 260 148
223 622 278
38 382 743
38 297 3
101 529 241
149 185 32
275 758 79
329 584 682
607 969 40
964 980 327
873 922 853
325 763 89
15 441 622
600 741 276
599 829 929
495 699 358
228 722 214
165 704 861
417 703 130
298 606 660
540 858 329
316 964 563
321 777 285
114 620 533
294 456 526
600 617 88
252 344 469
220 777 572
388 928 910
617 871 991
910 949 612
451 644 614
872 875 900
990 991 86
68 419 585
466 861 65
447 482 857
711 973 375
416 890 663
369 944 500
4 804 46
524 929 531
65 679 199
761 885 932
479 668 169
181 996 348
482 570 698
313 424 532
403 963 441
790 804 465
59 988 409
598 814 843
196 330 58
532 863 909
377 952 866
758 864 81
692 853 424
334 440 859
324 417 940
478 541 161
154 370 367
325 772 884
560 769 769
592 876 731
343 481 187
755 997 582
830 913 853
286 504 677
705 922 774
115 569 193
30 1000 706
416 611 685
566 729 745
922 929 356
792 968 327
569 655 154
709 941 662
653 708 457
112 622 994
737 914 247
330 437 289
716 793 622
271 413 449
735 874 308
145 963 986
258 701 491
891 945 421
978 998 776
105 258 188
41 167 413
39 145 276
122 465 171
430 612 672
555 868 423
201 877 438
434 615 216
204 551 750
16 105 764
546 899 645
996 997 844
682 965 13
318 948 343
891 962 64
2 226 611
293 454 323
749 900 782
249 996 330
67 497 708
992 999 10
770 823 979
888 900 817
308 570 836
834 940 349
274 424 835
923 980 502
330 610 261
917 956 180
631 704 631
857 894 583
359 589 429
135 963 684
123 992 917
212 326 160
739 969 538
379 448 257
745 759 586
711 867 747
316 563 407
612 703 851
454 571 470
878 986 750
720 796 44
483 959 509
942 972 509
973 976 821
863 966 68
821 939 967
356 532 551
525 784 457
480 841 976
894 954 955
204 743 162
211 852 319
629 691 170
vertical segments 2000
119 16 102
448 893 921
710 980 996
302 239 872
98 682 881
468 516 653
202 804 998
784 20 62
971 291 860
539 592 710
185 408 527
713 357 404
838 68 220
528 685 789
99 614 625
14 748 875
171 679 739
866 339 691
833 861 895
883 955 984
399 899 932
234 867 953
716 167 607
105 387 508
449 946 990
878 690 817
519 532 804
300 876 952
620 903 977
2 987 993
106 944 976
275 987 996
701 615 802
754 141 872
612 223 340
702 639 667
265 530 660
300 117 945
639 648 903
981 814 915
490 946 984
357 120 597
944 761 848
91 752 854
87 565 643
330 129 867
860 292 831
814 963 981
525 670 688
510 464 525
542 313 554
478 151 330
446 353 646
268 393 581
74 789 922
384 130 471
267 529 747
492 228 794
533 108 427
465 901 962
723 305 887
387 772 889
851 421 508
390 942 958
377 67 293
808 733 927
681 506 854
19 583 975
298 903 999
201 542 955
78 139 216
494 601 672
21 311 595
590 176 772
790 115 985
479 754 989
100 388 394
950 296 355
715 215 253
327 66 391
510 208 767
803 871 938
511 81 775
182 657 669
730 540 691
887 318 594
546 723 939
512 17 567
770 703 825
889 563 972
420 687 917
67 817 961
712 491 698
890 764 978
55 419 652
934 272 846
790 894 939
728 279 529
474 969 996
162 597 710
654 884 936
732 466 567
938 449 512
872 196 747
48 861 881
192 704 839
129 20 358
910 845 931
776 744 871
779 368 803
294 296 589
145 139 582
112 469 613
649 23 873
563 389 592
996 941 955
790 294 945
917 529 730
116 969 973
770 170 949
454 331 963
838 994 995
826 505 994
467 733 876
250 681 977
291 490 517
990 192 218
607 135 154
177 408 570
552 447 685
682 577 978
907 554 981
362 367 936
342 635 691
990 831 911
901 33 415
897 368 438
671 876 946
873 602 923
355 713 734
138 790 963
837 142 474
726 196 581
436 402 870
246 326 733
206 327 550
150 952 964
98 798 949
652 596 676
928 518 639
144 832 981
566 935 945
710 829 959
73 230 712
888 135 454
382 797 970
948 22 580
706 80 728
64 184 870
884 953 983
965 504 787
238 252 930
563 974 978
30 888 921
990 409 580
347 595 992
672 784 936
633 245 479
955 808 912
202 32 961
222 423 796
75 229 356
19 958 997
213 309 988
732 649 792
979 239 507
825 97 291
673 4 49
866 955 961
384 666 694
756 474 891
346 973 987
545 687 847
138 959 986
381 624 922
32 590 942
16 313 949
508 343 678
424 277 387
126 640 690
750 50 631
918 331 900
658 47 542
864 808 970
505 266 744
675 417 598
105 230 395
553 16 625
47 459 641
42 709 723
92 376 901
903 60 698
238 196 867
29 530 580
957 47 300
791 301 402
983 379 414
489 175 328
148 619 689
782 649 923
549 590 977
816 690 949
418 170 490
557 259 734
31 325 892
504 636 781
339 98 834
712 684 994
593 327 330
968 765 790
512 626 779
946 338 602
614 705 835
33 911 913
525 885 989
445 13 602
756 466 589
197 107 600
544 882 936
170 543 681
498 954 971
814 399 996
732 860 939
419 137 365
388 686 820
576 924 1000
181 293 690
218 744 892
889 233 431
420 642 782
372 401 962
614 126 198
153 220 747
597 39 366
863 235 938
426 652 986
565 430 972
53 185 628
156 446 844
602 731 916
167 175 869
95 521 965
964 710 851
949 587 641
107 494 641
332 734 862
907 826 849
919 691 885
561 787 928
337 605 667
371 298 869
804 750 751
199 522 978
284 938 998
7 271 432
747 691 829
257 544 688
680 922 924
105 397 410
401 138 338
304 254 438
306 999 1000
800 692 862
546 947 970
229 202 544
553 446 965
209 34 230
234 332 708
451 671 767
154 381 901
315 890 999
247 251 256
297 376 468
183 955 978
880 535 923
267 464 671
477 319 368
546 362 619
185 577 895
243 497 737
131 418 432
626 449 823
773 965 987
168 310 803
477 947 950
150 333 863
326 549 846
844 923 966
598 86 976
35 750 817
653 776 923
449 690 818
569 170 620
482 462 879
582 298 460
152 224 546
140 567 819
778 246 786
433 325 477
602 215 742
505 357 852
251 992 993
816 502 827
851 1 313
57 110 749
519 464 810
772 365 577
951 473 786
256 132 842
30 68 855
598 350 956
642 964 984
619 707 793
306 273 451
929 474 581
370 582 636
821 774 924
764 582 791
799 486 679
83 470 755
317 367 627
516 465 466
428 727 968
436 157 786
721 882 954
50 882 906
297 499 769
125 841 948
998 144 847
329 162 384
731 466 845
694 903 944
297 336 933
523 458 893
251 931 965
883 404 715
156 683 860
108 792 891
934 150 611
934 630 877
935 91 730
527 247 904
594 583 973
174 137 501
96 971 998
669 944 963
929 496 970
197 10 23
242 901 955
373 2 243
361 657 766
640 106 156
243 324 845
591 20 409
256 182 221
580 769 794
898 234 758
257 669 849
481 575 652
249 50 117
134 728 919
952 671 976
515 898 986
361 433 604
146 178 919
456 926 998
919 656 927
440 609 714
932 692 821
189 941 994
832 338 531
639 745 849
705 596 905
206 223 430
454 931 991
153 658 816
381 269 376
302 929 986
344 488 989
485 420 713
41 518 852
806 889 959
563 362 886
192 862 979
581 278 760
186 735 992
861 430 758
350 157 594
936 536 946
218 941 984
803 46 184
666 786 997
943 979 980
628 326 641
632 548 844
126 279 492
666 172 954
67 576 602
99 679 784
260 5 135
606 475 661
407 38 280
375 588 718
979 428 490
225 368 619
930 816 919
306 42 614
62 954 975
637 358 768
543 738 815
790 740 771
99 988 994
159 419 967
372 173 210
786 94 927
690 183 229
477 935 993
793 901 979
432 234 289
35 856 902
984 323 476
931 121 358
836 328 573
238 445 983
66 723 997
407 44 708
193 393 588
92 558 660
482 92 977
859 237 714
709 11 194
337 986 999
699 763 966
729 827 857
530 119 919
130 948 950
991 35 677
930 948 951
677 814 823
110 864 896
538 342 355
864 425 823
84 687 698
213 898 916
17 199 597
112 37 772
348 218 644
58 895 973
840 789 1000
316 997 999
46 2 735
781 885 905
525 700 953
771 171 959
167 662 791
12 186 494
86 838 902
582 407 458
802 14 26
926 869 939
385 856 973
916 662 824
477 294 804
705 866 897
152 830 953
825 421 859
470 154 481
450 524 693
900 857 990
356 920 965
142 168 176
595 575 861
749 350 931
199 877 882
498 493 671
846 452 475
439 87 769
132 731 772
823 518 784
567 302 889
849 676 926
183 925 986
230 887 992
271 609 898
482 308 589
944 163 866
595 960 981
604 159 597
5 957 976
638 508 780
686 974 975
172 323 717
237 498 684
246 951 959
198 147 655
891 866 873
525 104 116
428 137 655
727 239 262
358 802 881
369 833 852
607 899 926
57 660 712
228 106 236
994 443 794
970 511 528
13 9 137
209 475 993
955 618 856
138 149 741
39 205 459
494 862 945
772 522 539
838 567 865
428 815 983
719 329 590
539 968 981
656 644 668
751 427 880
681 34 402
732 300 797
838 867 944
631 655 827
439 117 274
611 866 979
845 478 744
217 899 921
266 964 972
188 859 888
832 156 747
304 655 821
960 936 974
449 89 305
790 988 994
989 562 595
612 773 859
224 723 772
738 925 999
821 470 551
478 843 974
370 163 767
888 916 957
744 870 973
538 731 783
304 600 970
454 976 999
459 441 539
90 700 955
775 582 707
949 909 928
787 512 534
463 218 808
285 932 954
803 461 929
592 277 555
101 603 711
684 35 586
185 696 902
759 9 21
128 824 878
319 320 345
577 711 925
599 596 606
148 445 581
152 677 876
412 217 327
338 376 415
671 592 629
378 725 895
667 969 976
743 525 590
598 181 796
52 570 634
773 273 301
922 12 26
234 700 825
220 862 998
678 238 386
438 595 599
591 992 993
483 613 817
574 439 810
23 386 539
143 439 634
578 42 971
540 879 929
123 665 901
777 927 989
473 1 795
947 7 393
988 859 977
701 737 740
771 860 895
621 24 804
262 36 871
635 304 995
719 874 959
62 154 738
991 882 941
645 27 250
938 861 964
871 840 903
689 941 978
931 501 853
75 512 978
210 406 607
5 603 994
448 751 886
343 428 678
771 601 650
525 727 741
626 91 193
982 816 928
997 908 922
574 553 679
803 401 528
716 583 687
375 907 959
540 845 899
128 333 990
555 827 944
902 261 528
563 711 856
279 540 627
284 530 772
302 585 854
914 102 390
2 577 903
17 66 817
55 914 979
239 587 855
769 400 581
825 792 911
429 927 952
907 157 388
688 802 977
540 649 906
838 399 812
820 784 954
472 567 701
284 628 985
63 232 622
770 954 974
58 486 972
921 582 838
731 267 600
336 597 869
380 859 938
341 864 935
68 435 484
975 563 593
761 366 534
287 284 996
353 577 773
45 832 836
112 979 991
545 378 681
266 697 771
976 809 880
976 920 986
874 864 974
333 215 832
630 90 369
733 590 758
163 671 760
439 923 975
885 995 997
229 559 746
36 139 611
762 452 682
626 104 332
204 914 975
176 655 925
602 409 763
818 369 496
790 544 823
872 775 928
686 369 428
860 254 476
533 803 846
580 52 145
251 698 707
996 964 972
102 253 445
478 620 714
951 110 284
722 774 880
770 194 625
932 93 993
112 689 918
229 222 515
904 519 598
59 943 963
637 485 715
493 205 720
685 376 912
257 944 972
471 619 835
793 116 933
878 944 983
788 374 737
582 608 981
993 474 794
237 564 952
534 405 708
267 217 997
117 503 958
998 195 481
403 951 989
32 104 929
627 500 627
239 119 168
924 63 143
273 453 674
74 265 882
149 823 833
831 427 912
766 463 617
842 245 343
671 418 804
293 263 706
28 884 894
693 793 844
775 176 467
227 996 997
328 233 631
872 104 395
355 549 583
422 406 503
441 79 618
504 462 896
786 152 935
814 420 968
577 874 896
221 517 649
273 305 713
479 398 848
771 307 732
738 484 689
798 992 995
70 183 654
683 194 920
251 231 514
239 322 505
84 328 711
948 323 535
296 196 503
112 483 808
504 191 545
66 896 905
650 641 865
363 131 835
410 408 944
166 662 957
111 80 997
783 841 962
704 20 312
579 735 805
881 362 741
518 434 790
82 133 338
979 486 509
450 6 154
216 443 884
830 510 831
56 520 959
417 137 872
55 838 907
619 359 493
928 800 811
646 797 907
384 18 64
408 543 608
47 434 865
202 650 820
670 199 354
526 631 733
657 35 582
965 279 314
813 420 684
552 5 994
798 593 877
130 606 832
771 828 941
981 388 579
121 522 713
835 969 987
45 281 751
717 130 550
930 695 852
493 193 668
521 648 698
470 162 630
552 150 925
378 330 539
285 947 980
160 909 986
757 296 978
337 681 854
793 160 908
306 984 991
191 766 976
904 965 970
876 652 708
696 276 747
258 148 584
800 658 731
902 274 949
567 605 718
463 423 626
436 949 990
707 854 1000
480 389 641
500 870 893
42 568 867
517 885 910
907 993 998
267 28 925
545 26 203
744 421 943
731 198 229
206 92 603
225 569 866
602 636 942
227 796 996
551 236 557
285 450 902
950 852 953
899 383 842
303 83 679
305 142 818
867 718 905
203 753 984
746 247 958
106 78 851
22 302 738
191 79 206
818 505 951
468 305 748
316 826 992
973 835 981
349 792 930
271 203 781
394 673 796
151 975 980
181 286 561
880 471 840
107 275 552
950 280 407
829 696 986
395 673 761
863 935 951
958 91 161
47 357 757
953 491 586
566 352 557
511 141 476
981 110 230
529 949 992
255 531 755
929 773 825
314 879 880
864 180 678
692 130 708
195 626 969
297 967 985
937 906 926
222 358 577
827 605 933
76 788 875
264 458 839
512 722 873
33 974 981
51 940 970
130 739 877
827 757 775
959 865 980
167 692 894
33 996 1000
7 194 791
252 63 156
86 574 700
490 480 894
496 579 699
919 913 978
319 281 464
194 809 958
152 807 957
169 379 934
128 356 673
739 174 259
902 460 676
14 913 965
87 410 936
959 485 762
290 468 513
389 600 739
308 752 755
66 277 983
92 249 712
994 989 994
571 618 707
174 804 857
446 375 393
570 989 997
891 198 722
55 767 943
486 616 908
188 934 950
275 879 904
97 709 900
600 980 995
264 528 767
411 540 812
56 445 452
723 523 937
471 930 988
819 542 761
124 455 659
142 699 829
564 707 991
735 602 933
756 939 984
970 557 915
531 657 797
728 350 575
685 952 968
87 618 841
583 305 667
386 289 617
117 783 789
598 345 431
563 836 916
8 454 929
399 551 807
280 875 942
655 333 710
838 248 881
808 406 662
583 328 824
756 429 659
390 450 895
146 871 924
410 492 782
723 674 879
171 338 557
818 971 978
479 863 930
851 718 855
631 267 483
399 47 853
344 158 248
869 192 796
674 303 446
869 578 667
973 515 923
68 439 782
801 274 279
220 195 349
940 959 960
135 504 843
51 845 970
838 370 649
789 535 948
869 864 968
424 595 921
589 196 346
577 789 829
569 804 911
771 938 970
869 565 577
210 551 689
931 231 289
967 317 400
721 745 895
731 401 772
662 999 1000
230 802 914
425 351 744
664 932 952
743 568 986
346 201 569
607 374 840
582 426 793
592 117 227
969 881 946
883 465 496
332 555 965
175 696 865
358 209 988
134 322 968
976 420 953
397 713 795
323 45 296
667 253 441
308 216 533
507 146 577
775 752 771
235 120 284
990 23 488
729 103 762
401 684 721
396 924 999
434 641 802
109 861 902
931 417 653
292 410 975
52 200 419
98 588 617
467 825 838
91 39 433
204 269 793
836 154 174
93 311 884
205 102 353
669 643 832
620 749 830
140 160 665
416 314 656
574 569 791
519 485 758
794 79 854
492 311 686
247 559 712
852 482 903
765 203 368
550 563 999
788 162 448
228 946 974
930 241 258
709 171 870
185 276 700
267 455 801
338 223 534
552 833 878
222 144 322
826 472 959
766 385 942
862 255 979
759 54 126
367 810 950
809 800 892
190 573 996
267 207 626
941 830 924
538 383 949
192 628 737
246 185 771
779 365 511
739 810 959
672 765 882
990 916 967
917 390 680
995 56 233
436 590 990
852 39 279
797 608 878
512 204 671
297 864 924
39 993 998
287 112 242
762 936 963
777 57 151
15 295 779
56 704 889
91 963 988
485 231 581
602 834 966
367 181 796
955 340 964
353 676 986
247 638 686
74 824 885
434 171 389
336 132 340
244 466 835
302 501 520
17 209 896
378 281 337
190 151 802
605 94 771
27 510 990
350 158 326
366 596 850
510 389 797
759 854 902
614 128 356
164 880 884
500 898 952
59 538 911
934 577 881
913 272 1000
944 458 763
632 652 763
211 267 439
225 850 998
363 193 506
710 410 449
202 484 945
996 303 315
415 463 776
780 542 685
173 519 757
672 155 489
868 897 934
758 78 274
310 898 911
84 657 852
427 47 499
881 799 934
560 750 875
118 508 925
733 341 884
631 577 859
768 82 997
896 484 830
602 876 990
544 938 947
442 515 898
205 65 130
684 478 583
977 338 824
519 997 1000
430 907 998
488 915 987
865 921 983
686 906 997
898 437 757
725 730 941
799 709 977
761 250 522
751 650 913
732 946 991
229 451 567
53 234 773
624 955 999
334 135 638
84 864 993
838 191 385
766 623 718
850 39 155
263 187 524
916 169 337
531 765 920
581 312 382
423 513 799
678 421 563
456 736 859
329 248 980
365 358 435
688 816 822
312 196 802
160 333 674
503 49 717
361 407 788
612 978 995
184 681 713
348 166 557
344 832 924
509 188 911
952 479 905
270 909 982
894 88 845
625 897 939
767 325 940
973 55 579
296 957 973
596 697 1000
626 131 934
988 249 849
526 247 940
577 679 941
848 747 990
385 611 756
459 634 637
461 644 801
779 579 901
499 695 755
334 648 904
631 32 954
118 836 945
754 478 859
237 984 995
483 447 462
25 450 847
575 145 637
523 244 561
899 340 674
81 190 962
77 598 958
24 642 827
643 404 809
430 981 982
649 624 663
2 338 688
11 197 888
489 353 763
998 886 989
907 373 492
239 555 858
874 722 802
738 10 741
771 633 857
343 734 755
412 73 598
420 239 781
734 905 980
117 564 871
767 715 864
540 275 563
147 953 965
145 638 816
775 852 979
686 45 895
181 426 964
641 833 923
182 308 759
486 687 749
974 787 994
312 79 437
920 814 829
879 97 858
673 781 944
359 648 881
947 95 662
962 664 735
524 959 991
996 885 943
631 366 581
467 874 992
411 834 926
707 16 756
425 698 710
435 668 845
623 176 931
387 718 866
769 29 122
44 664 694
323 890 956
608 904 989
107 644 708
337 319 874
848 682 846
518 861 990
975 684 814
630 593 951
286 281 500
681 247 408
370 326 373
79 585 811
433 289 830
666 106 403
558 420 727
972 861 966
593 944 989
215 595 904
761 312 456
886 528 952
667 393 816
422 701 824
879 963 974
848 791 852
373 65 789
288 29 630
546 25 597
596 157 423
548 521 703
601 926 996
507 868 984
402 745 941
295 854 855
517 567 879
753 440 701
410 649 652
436 452 590
143 985 999
141 203 793
417 530 971
475 614 772
538 357 925
532 847 882
857 172 603
582 58 297
708 806 940
693 961 986
328 827 940
272 991 999
329 207 819
106 110 306
411 335 466
996 515 989
399 798 919
910 494 707
560 796 978
454 761 778
309 591 979
644 454 852
718 375 611
656 465 884
172 279 696
600 221 573
718 894 941
368 706 973
246 532 548
815 632 866
664 867 882
280 94 855
220 919 990
810 19 100
798 82 192
203 398 640
355 946 956
9 385 492
735 509 716
845 897 988
602 452 834
923 96 631
133 978 981
538 845 914
463 54 823
889 647 749
46 484 815
309 142 786
769 48 318
306 555 678
856 272 362
239 58 561
168 668 756
276 898 989
619 658 887
511 713 901
364 933 943
221 384 432
997 940 998
711 289 346
340 223 830
37 252 584
600 796 883
656 129 560
681 175 493
549 666 775
667 551 841
823 175 859
699 145 521
142 572 909
332 233 917
164 746 977
452 734 829
686 552 934
161 937 990
553 496 633
318 592 856
887 304 875
948 683 881
387 392 728
965 664 758
916 921 952
536 206 449
211 463 736
269 886 983
903 864 976
233 473 652
553 376 853
143 37 713
112 49 361
555 596 661
762 109 412
874 998 999
322 997 1000
178 393 945
657 225 854
41 431 456
104 54 770
896 711 932
501 632 961
693 495 909
793 215 805
174 216 310
206 550 949
996 532 579
412 381 910
791 83 565
786 418 475
478 155 782
380 335 632
931 930 956
595 201 735
576 130 278
471 132 644
828 814 933
424 705 956
32 672 809
546 88 529
12 136 514
568 457 812
926 479 640
542 222 773
395 108 271
792 819 826
527 925 937
76 26 720
956 723 939
295 218 305
705 688 731
760 146 418
711 427 694
343 111 314
572 746 956
173 836 934
880 399 523
236 638 798
256 577 775
657 220 730
301 769 912
869 983 987
116 229 513
859 219 398
948 400 476
302 352 942
160 65 344
391 552 584
465 497 871
937 894 954
729 856 886
405 318 927
152 821 887
321 850 940
561 733 871
917 457 870
775 458 526
247 622 708
450 473 704
137 168 609
671 404 573
858 232 419
488 755 779
360 509 655
27 925 944
270 686 962
708 463 683
70 642 843
733 547 573
23 982 994
713 129 826
892 344 587
493 814 831
260 553 854
396 567 730
915 484 722
47 534 936
632 583 887
490 310 870
555 629 736
988 447 786
568 201 231
908 623 635
733 547 935
457 327 889
240 135 392
460 589 697
696 8 609
985 745 838
464 52 868
227 527 758
245 857 890
382 15 743
997 323 358
810 601 647
63 492 880
863 914 949
612 683 842
371 177 500
999 411 823
18 117 717
139 939 979
756 802 981
930 456 779
953 75 817
405 310 439
920 133 419
235 922 925
652 993 997
784 340 729
957 150 425
833 444 754
583 402 731
543 27 1000
968 56 827
603 226 882
169 938 973
924 852 869
339 105 355
833 440 630
421 725 819
75 577 676
730 231 597
143 537 680
319 3 304
247 296 974
435 422 554
642 317 605
474 592 743
291 703 712
655 292 727
93 313 972
277 897 913
909 409 567
871 932 992
646 156 599
534 128 562
710 914 927
299 269 293
44 412 756
291 180 219
210 547 802
558 479 831
565 284 488
830 477 775
489 995 997
606 152 868
165 898 984
575 418 550
289 247 414
295 611 766
533 951 997
585 861 868
604 12 553
608 685 898
366 160 372
937 565 961
542 655 961
749 617 764
281 88 914
947 124 275
429 609 733
262 418 930
514 439 861
773 733 897
481 173 289
877 580 929
333 997 1000
544 740 900
356 274 938
552 345 491
973 267 572
378 300 383
292 632 899
207 537 964
495 282 542
228 447 958
589 111 823
16 831 854
998 373 469
324 235 706
127 710 753
247 756 806
495 954 1000
667 45 892
338 813 837
726 154 717
805 961 974
793 181 769
19 844 888
12 372 779
762 711 837
454 232 244
465 532 892
336 699 937
945 990 994
16 360 813
898 247 940
456 187 588
214 915 948
526 118 673
630 738 903
688 426 979
248 642 946
933 360 469
611 480 509
989 636 638
537 313 801
251 734 923
333 164 311
294 862 922
238 224 961
711 835 964
485 44 919
818 451 937
545 129 929
911 789 833
227 25 261
153 585 690
81 394 955
973 908 1000
492 335 912
155 49 992
78 369 822
254 732 859
131 631 746
367 700 814
16 515 800
208 392 530
195 165 864
899 191 828
46 213 609
831 799 928
989 725 910
284 20 204
987 135 578
263 702 801
768 385 458
394 843 1000
239 661 665
637 463 915
623 643 780
121 331 442
663 993 994
30 102 704
330 988 997
182 273 695
74 865 953
873 913 981
636 76 629
930 793 989
343 403 655
922 56 338
402 474 536
251 96 781
458 124 523
867 677 992
458 851 958
935 970 973
640 128 972
640 923 925
882 265 514
996 992 998
658 386 768
339 913 972
953 173 296
395 453 793
452 592 828
670 396 459
333 431 881
205 980 990
512 668 909
864 381 499
696 911 989
668 79 501
485 888 978
376 632 993
973 508 613
117 924 947
907 690 883
91 131 529
243 631 965
734 444 704
414 577 819
272 786 825
26 958 979
955 648 730
863 601 686
152 139 719
726 335 903
521 861 979
330 377 895
441 908 997
649 244 992
61 153 289
894 602 943
850 520 963
770 935 945
269 272 544
449 754 782
74 963 968
681 418 490
503 436 456
301 836 859
707 780 968
971 109 554
33 876 940
974 63 793
637 307 789
73 892 951
6 734 844
678 424 724
482 977 994
878 748 812
626 364 738
860 45 580
579 764 775
758 870 891
528 935 970
430 948 974
82 753 768
696 666 770
250 402 965
844 435 644
956 489 559
300 945 972
473 749 984
914 150 818
977 954 970
43 780 990
687 623 690
290 406 549
409 140 551
775 891 987
737 930 983
611 460 988
125 833 934
888 435 884
702 660 807
314 629 882
825 324 365
731 323 904
4 544 678
537 719 862
263 638 700
733 305 421
559 43 73
357 498 619
907 510 646
528 926 944
892 802 855
181 361 716
807 869 951
754 742 855
63 209 227
511 264 871
209 282 916
906 67 351
423 23 918
124 70 522
820 743 912
369 10 506
343 156 447
519 9 568
495 557 995
963 201 272
87 459 656
466 371 989
940 995 997
118 995 999
414 868 910
574 679 994
247 761 950
391 225 512
799 92 170
241 94 638
717 874 928
19 658 686
726 470 699
438 188 709
886 13 670
925 766 812
620 532 817
939 386 719
670 607 786
22 936 957
757 751 806
85 926 960
479 392 951
546 966 975
416 206 518
541 370 988
460 279 616
447 55 402
148 469 866
199 368 898
281 419 900
264 329 955
577 366 626
645 805 979
664 274 303
651 11 78
570 786 949
202 81 736
114 966 981
703 958 966
60 782 910
873 577 700
851 584 875
821 465 596
384 562 844
565 22 453
531 51 880
476 131 149
773 696 991
750 928 939
359 755 809
439 664 969
236 102 530
52 147 407
163 464 893
98 821 958
232 370 725
619 746 838
838 481 629
716 167 494
119 469 861
395 156 559
862 857 935
8 848 865
673 451 873
421 491 843
712 898 947
127 776 952
918 42 253
672 731 842
705 397 911
509 148 372
78 271 390
917 473 816
805 462 593
85 60 214
871 768 918
899 148 823
519 145 581
327 788 801
161 493 549
974 827 906
827 179 434
411 318 958
89 470 860
510 53 172
986 325 968
413 208 958
668 844 881
151 626 698
741 958 963
173 189 702
841 980 993
316 152 625
977 503 625
309 835 998
766 697 767
659 690 699
16 437 876
960 274 994
324 266 961
258 208 394
500 740 828
434 891 983
183 984 989
740 532 638
388 217 895
452 940 964
483 475 848
874 979 997
919 256 888
630 219 876
553 91 335
808 312 964
687 984 992
66 764 968
912 628 940
366 521 907
335 280 851
714 969 995
355 685 1000
592 445 782
553 111 462
848 525 685
522 630 892
208 725 781
135 784 882
440 231 427
608 870 921
149 148 238
314 970 995
405 896 967
576 965 971
326 823 986
813 892 961
559 714 799
418 464 705
819 757 967
551 364 416
45 523 655
866 571 794
486 453 991
321 854 915
518 129 440
439 36 747
162 65 670
121 223 829
997 283 540
691 975 978
802 288 1000
907 223 661
68 952 994
325 979 986
118 397 974
571 811 854
766 824 881
160 39 143
491 131 891
104 369 982
113 512 830
935 387 669
708 569 840
762 322 814
672 909 981
892 616 804
705 587 680
853 892 908
695 607 885
805 898 915
411 279 346
733 50 643
260 905 917
627 455 830
729 29 76
573 237 980
760 171 419
595 331 424
3 7 771
436 551 980
136 724 764
208 974 992
6 227 428
84 84 332
646 703 778
272 204 522
169 350 666
294 476 848
341 523 532
386 834 949
557 119 975
258 568 918
137 25 974
967 986 989
540 984 985
14 567 661
84 311 668
413 275 929
209 168 359
522 199 973
668 314 635
277 908 961
868 350 427
862 585 807
998 720 996
559 518 657
310 832 927
668 995 999
109 831 835
657 812 843
854 375 664
531 731 794
314 127 353
48 833 954
16 677 867
216 883 967
185 78 369
865 938 981
636 843 877
741 37 440
890 610 974
84 881 1000
968 827 906
409 160 549
413 459 596
473 226 485
865 583 708
847 237 959
227 557 651
511 163 295
160 708 932
83 403 902
657 318 367
669 587 636
771 63 131
311 314 961
703 648 903
393 515 674
634 776 933
771 157 531
20 465 814
11 113 430
995 614 943
491 217 611
333 782 944
409 4 47
670 62 632
769 437 505
342 220 320
747 22 703
276 942 960
814 361 700
