horizontal segments 4000
120 244 148
937 991 856
124 403 827
354 650 931
537 623 923
182 795 489
134 868 556
734 786 671
760 804 698
590 616 21
847 999 417
156 205 357
564 916 843
889 965 434
301 535 881
155 286 792
734 833 155
232 669 593
272 876 446
710 937 454
437 523 239
1 454 773
103 362 726
818 832 844
366 574 249
149 650 390
848 934 942
369 822 381
173 214 300
938 977 985
239 474 496
98 766 880
204 875 698
475 785 645
654 846 172
507 754 153
949 977 922
152 358 19
840 934 446
303 482 45
522 877 689
245 335 121
525 763 834
166 862 78
515 939 246
616 645 298
642 908 315
835 873 484
730 750 710
315 400 849
912 970 221
53 713 938
20 939 200
422 645 824
426 778 297
179 442 626
621 792 175
74 371 370
859 981 702
770 972 496
214 414 271
129 844 121
644 731 184
564 570 236
591 693 857
662 802 244
121 363 725
131 457 141
765 931 25
983 998 577
339 601 193
143 738 122
854 937 731
84 199 789
826 993 48
549 627 874
870 964 161
397 698 472
252 428 125
318 505 523
108 680 799
148 549 823
727 772 586
784 923 849
391 853 703
614 874 167
443 678 941
547 579 119
969 998 227
109 401 94
745 948 180
461 739 516
319 564 580
250 559 19
864 938 975
189 767 204
847 938 631
918 967 300
57 420 646
57 185 163
464 988 681
716 891 478
351 443 183
453 836 600
267 641 693
204 925 173
21 625 221
932 943 965
859 954 375
666 732 406
915 995 711
966 980 426
177 772 882
777 944 462
374 427 640
380 663 638
338 892 42
197 408 398
755 775 476
835 878 102
618 868 28
656 835 302
435 517 843
890 937 487
746 959 364
947 961 839
403 750 125
768 881 912
409 430 821
993 999 6
771 818 834
974 975 548
673 837 360
764 936 950
699 885 395
971 990 502
808 933 820
576 681 427
298 399 970
437 521 788
246 880 398
737 742 10
144 398 501
190 848 57
211 620 68
850 973 280
918 992 789
566 663 611
651 970 225
121 560 984
359 591 737
712 715 378
277 461 960
582 644 553
724 952 908
579 946 275
220 519 174
832 952 753
226 307 944
330 396 669
618 961 430
727 910 83
999 1000 749
145 703 178
818 871 437
388 672 356
245 680 74
726 970 796
891 910 378
607 903 185
492 1000 347
554 572 553
220 629 548
214 902 485
271 961 235
813 820 245
788 915 546
56 218 837
592 778 303
744 957 364
68 894 623
773 896 230
305 892 866
247 296 205
493 524 112
138 143 839
899 903 238
829 978 655
377 564 639
503 726 144
76 274 886
204 657 320
643 799 291
979 984 825
326 480 609
409 545 19
68 530 680
361 710 398
955 990 246
677 717 140
831 906 195
784 980 171
927 999 787
747 989 372
852 997 991
398 680 777
688 794 387
782 831 736
380 635 283
883 906 216
856 909 168
886 994 497
70 384 30
615 692 997
465 547 57
907 976 590
873 902 889
625 801 337
390 557 83
349 356 312
77 422 759
955 987 766
890 922 426
842 959 189
588 668 436
332 686 225
772 821 647
413 599 187
106 544 848
260 894 652
384 405 490
150 152 539
974 981 412
239 731 892
286 302 222
680 690 390
984 998 314
103 482 166
632 830 479
736 797 758
489 692 479
517 786 714
92 933 787
736 910 452
560 650 486
379 855 766
579 907 828
356 773 671
666 719 562
971 996 221
843 951 388
797 998 211
874 932 101
642 684 493
539 876 104
448 575 123
349 824 5
702 919 815
818 819 24
79 229 121
928 933 506
493 923 939
517 798 237
649 810 269
303 808 236
17 802 364
964 970 914
883 905 595
516 646 749
224 651 593
942 997 827
198 999 351
94 417 128
773 879 575
315 956 933
726 770 889
783 885 385
612 902 37
553 897 174
761 897 85
298 928 849
154 837 729
483 568 579
501 526 594
137 630 367
851 864 529
499 598 200
109 445 693
508 943 254
603 990 538
933 986 600
168 816 803
56 222 789
339 497 926
782 999 98
46 768 756
538 705 681
237 409 176
581 899 457
987 995 248
987 999 61
409 437 675
906 939 50
418 707 436
130 159 110
803 903 176
630 736 12
748 990 308
705 785 1000
511 891 585
720 778 716
895 955 12
182 795 571
547 628 147
115 378 131
652 900 57
965 976 64
769 812 961
382 701 582
483 610 748
352 755 544
447 987 717
391 460 797
17 143 294
368 377 553
980 992 183
938 940 558
415 929 483
169 907 910
542 957 379
939 969 998
675 820 870
961 966 915
511 935 988
794 882 555
237 495 413
262 493 870
896 979 451
411 986 613
44 413 281
553 846 859
687 720 892
531 931 483
338 897 327
220 843 741
828 847 797
747 870 228
516 654 622
23 60 757
854 960 449
15 469 864
314 567 367
492 775 66
421 828 662
333 665 317
971 976 931
263 936 487
757 981 223
392 883 76
269 944 810
703 989 804
282 948 307
754 870 693
912 917 41
968 990 644
378 880 833
79 221 469
61 324 595
709 815 370
992 1000 141
440 658 682
774 966 610
351 744 644
371 450 418
105 333 964
529 815 205
445 633 613
915 937 542
502 741 905
621 850 839
941 949 105
678 819 663
117 629 378
124 466 376
220 409 632
352 494 381
465 796 134
213 424 974
186 875 842
529 534 396
487 903 672
216 392 414
285 657 900
492 719 23
872 962 119
993 994 729
937 979 910
320 324 793
822 834 421
624 921 70
833 858 42
903 971 73
620 649 239
135 612 83
18 933 630
661 841 54
581 706 637
151 951 110
226 778 976
821 865 35
236 940 891
207 935 303
364 553 808
179 505 61
91 188 535
734 843 944
224 246 794
964 984 336
474 683 357
272 976 92
519 985 259
425 857 925
62 372 47
947 989 899
234 964 610
478 532 768
514 773 620
324 596 241
5 638 789
545 636 457
148 951 204
480 513 334
278 570 104
327 527 593
266 433 206
27 935 606
536 637 565
785 796 124
159 193 917
472 798 43
130 395 852
355 596 652
859 958 1000
540 985 997
874 880 735
12 243 404
528 806 851
753 919 991
527 754 471
302 357 619
204 876 16
21 734 427
400 667 593
71 746 816
187 930 789
23 826 891
641 949 561
545 886 700
210 392 657
322 450 570
239 827 148
917 1000 999
135 729 314
619 636 279
354 371 661
790 824 108
703 770 293
686 740 784
297 811 212
892 915 702
554 969 523
137 711 939
614 803 138
25 547 44
394 891 867
264 876 822
657 684 631
367 565 735
715 802 283
800 951 685
769 894 898
588 658 373
110 127 652
697 706 535
98 810 302
429 496 845
288 462 212
826 924 991
190 643 247
528 776 928
5 492 572
214 918 627
577 743 713
292 795 360
798 910 133
675 952 712
466 821 507
918 996 531
324 829 424
334 928 356
394 857 928
131 481 797
580 726 307
321 723 156
108 250 143
779 849 349
510 546 194
177 472 187
616 809 676
938 965 239
529 953 910
232 679 612
706 872 582
133 901 355
848 859 149
548 677 114
14 947 519
995 997 105
709 737 831
977 996 977
6 694 674
95 897 5
110 150 520
643 826 187
311 769 689
526 598 111
291 965 927
687 800 312
551 670 760
553 603 399
421 714 241
975 984 649
688 999 12
626 713 614
24 973 952
527 788 718
36 686 781
546 566 629
717 775 153
689 758 949
720 735 680
291 939 864
695 872 386
795 801 343
316 538 810
191 215 352
77 285 569
742 862 142
325 375 134
982 996 240
677 810 694
566 657 140
458 776 683
949 956 438
411 969 686
359 424 870
919 945 254
950 1000 101
479 751 428
875 930 630
567 593 633
60 901 994
686 703 598
551 816 900
248 726 755
864 883 275
971 977 134
805 967 355
545 823 621
564 937 867
58 465 866
948 963 964
234 496 269
705 967 137
35 775 453
498 957 693
962 997 179
351 770 886
314 927 126
528 582 528
374 949 128
203 515 972
300 308 83
321 681 31
50 387 715
337 952 220
553 588 140
462 669 319
316 884 83
353 697 713
812 928 743
825 988 481
758 823 222
386 443 713
318 998 137
856 974 639
766 848 945
632 830 165
178 682 122
292 851 169
899 965 291
545 855 396
774 889 812
958 965 798
479 917 24
784 848 614
98 700 625
783 851 635
316 602 220
575 788 512
826 852 481
100 835 983
933 954 416
908 998 546
579 651 477
953 970 586
590 758 306
879 972 559
777 979 727
465 697 719
311 313 264
87 341 958
773 797 396
922 990 694
531 937 236
910 954 906
72 377 592
963 998 482
33 55 255
481 656 516
883 978 28
717 938 935
419 607 695
589 626 572
571 872 56
263 719 331
432 880 844
344 929 990
99 100 404
461 491 62
949 970 139
688 898 390
431 519 885
175 810 5
842 876 1
82 149 420
281 315 374
314 712 427
636 829 488
936 995 85
32 891 312
935 978 640
979 988 63
863 973 589
259 569 142
960 999 817
598 914 821
810 859 554
399 929 25
327 360 673
187 286 34
126 908 422
501 652 607
526 543 834
304 950 273
132 512 930
258 455 28
637 901 898
633 788 646
539 808 197
345 393 221
232 535 684
263 864 435
655 913 707
759 777 157
951 961 176
41 737 356
299 801 207
227 774 82
507 763 955
110 329 565
138 232 395
975 989 420
882 966 264
574 952 350
601 609 157
416 640 683
276 372 215
365 847 521
976 981 130
364 867 718
320 801 860
810 961 663
757 860 585
395 944 505
613 935 118
106 154 599
475 590 310
112 563 231
705 726 880
486 921 74
891 911 688
695 954 452
854 934 991
19 715 206
407 715 875
454 632 567
87 248 259
371 703 899
944 977 970
192 534 491
992 995 992
906 935 203
412 861 154
854 957 381
629 909 335
810 954 174
166 772 47
92 607 914
854 960 348
891 903 556
290 916 233
772 971 525
553 675 608
185 566 946
392 491 689
902 950 351
500 853 4
292 770 904
730 758 700
736 981 814
438 663 282
208 608 3
779 994 750
274 468 380
461 974 516
46 349 79
532 583 305
392 958 901
654 981 154
120 979 399
167 666 445
611 852 248
568 615 32
281 706 538
543 712 253
654 964 944
884 997 445
330 782 527
520 796 502
560 578 874
75 120 145
39 557 644
228 621 716
952 984 754
501 545 745
414 993 82
366 853 439
355 968 490
476 938 940
48 815 852
117 902 45
8 112 358
70 885 438
848 865 737
805 986 518
578 742 83
404 856 877
496 541 594
480 716 685
987 997 735
844 992 309
994 997 633
328 885 899
290 317 87
55 721 381
363 528 203
937 991 115
359 833 807
78 755 249
977 998 656
711 956 472
112 880 642
595 833 488
60 692 430
609 897 473
456 460 595
428 872 532
211 409 389
289 420 262
325 987 650
478 819 469
914 930 550
769 807 603
162 359 495
136 785 106
498 764 455
280 366 654
179 993 620
45 856 760
494 509 410
325 666 17
769 920 708
466 730 981
310 339 402
650 879 322
435 756 502
282 374 119
904 981 94
910 978 878
21 73 596
599 619 90
776 932 311
913 931 901
146 943 168
976 990 371
416 560 340
503 836 747
102 990 431
686 789 698
602 839 399
616 681 337
181 426 732
750 899 837
95 797 453
175 673 284
499 889 896
754 872 259
407 521 979
387 756 264
469 787 127
114 374 606
143 703 124
362 589 500
652 994 878
636 912 361
340 510 109
149 878 49
614 748 570
438 748 924
836 949 212
290 705 696
625 779 584
40 518 305
881 891 555
23 838 536
567 988 427
276 743 994
301 853 754
52 233 627
41 728 376
508 723 524
781 905 311
794 854 306
937 995 837
718 773 679
197 349 400
722 969 796
767 944 930
421 655 907
601 944 843
410 662 256
170 471 310
2 90 563
687 790 262
896 987 98
891 894 152
805 908 821
178 498 827
923 968 91
668 951 910
776 792 574
634 700 120
906 996 999
94 879 789
406 606 832
108 690 926
703 743 726
845 878 757
316 702 69
367 971 825
684 966 403
980 988 184
139 879 217
17 59 278
933 957 834
68 344 470
491 853 573
767 811 257
161 335 459
349 915 4
146 542 22
572 904 373
703 913 987
246 783 277
140 622 645
117 383 647
288 733 6
723 775 434
112 540 133
811 949 833
776 844 630
223 975 440
683 855 961
86 270 806
935 983 223
921 946 41
371 487 54
92 488 841
729 973 684
448 566 693
477 550 557
706 956 273
667 872 939
726 991 623
776 804 84
48 666 648
438 999 427
115 846 746
874 964 384
478 853 808
100 500 549
419 725 619
863 920 28
556 705 46
455 976 247
793 959 544
615 864 306
574 790 222
736 788 198
561 860 836
633 819 371
976 985 500
744 954 756
276 458 313
119 743 201
32 213 801
507 536 195
636 957 703
666 934 405
424 619 324
299 560 510
826 868 988
115 420 254
634 765 879
412 516 866
239 438 160
27 855 454
194 733 527
230 251 245
509 878 184
169 437 24
245 878 771
422 872 306
319 757 789
362 415 607
778 949 526
848 967 359
263 312 567
225 999 490
416 829 722
395 944 770
304 414 430
381 586 13
690 904 930
626 965 607
575 598 912
96 451 271
760 918 387
224 581 469
560 842 893
240 464 2
659 711 886
870 904 851
286 929 828
829 990 764
566 644 336
579 948 730
307 410 361
227 841 511
146 442 782
612 774 96
748 862 451
774 839 230
557 982 810
611 939 513
631 652 988
87 428 486
257 458 364
369 876 985
191 344 150
958 964 451
727 777 432
466 703 987
118 314 350
408 941 983
917 956 665
856 862 938
311 817 896
123 807 522
445 601 247
558 876 489
589 823 884
772 903 368
910 929 954
991 996 554
210 553 696
988 995 561
38 40 995
214 854 155
258 987 261
799 964 899
731 796 756
306 692 645
706 912 865
420 433 479
745 853 966
933 948 853
765 818 708
385 999 100
291 726 236
83 359 642
414 699 921
123 454 262
19 129 180
460 572 620
355 834 421
87 107 523
773 899 425
168 306 625
864 919 337
949 995 556
191 995 402
437 543 104
974 977 502
341 434 575
795 993 106
567 727 332
712 875 3
938 961 428
508 679 775
161 518 121
795 975 538
840 915 86
528 534 842
387 994 588
774 976 1
362 468 591
751 819 896
165 212 136
418 591 644
572 699 7
742 749 830
37 61 532
22 66 556
357 398 239
199 873 13
202 250 243
971 984 462
381 576 670
996 997 238
205 822 961
75 166 3
169 492 556
856 921 808
610 973 56
55 979 369
50 420 229
880 932 623
633 711 593
127 834 850
403 772 730
930 951 79
733 956 235
545 761 299
266 326 278
609 884 638
284 640 302
303 369 409
633 727 305
753 795 516
314 978 677
1 246 792
3 944 383
935 970 75
923 985 816
591 809 557
143 490 947
956 984 567
541 812 534
752 941 223
108 761 971
671 1000 61
846 980 165
90 777 503
483 792 259
856 917 197
895 945 831
542 854 940
694 927 640
413 900 803
284 450 854
268 303 592
420 472 758
147 248 369
319 715 793
3 46 268
324 991 369
930 990 185
879 990 908
95 859 312
611 615 688
838 961 456
730 964 319
905 957 131
694 789 890
61 381 243
629 753 78
296 340 202
561 675 313
786 895 58
62 766 312
433 516 576
739 794 333
996 1000 68
459 597 653
288 365 87
950 951 981
838 892 152
995 996 449
393 930 598
771 843 562
764 806 955
704 715 991
274 367 34
762 913 234
752 795 896
696 800 494
558 789 514
710 964 51
963 976 834
57 342 882
115 569 914
415 550 960
344 986 886
165 996 83
258 999 275
621 832 163
93 195 187
420 713 697
332 940 419
990 995 202
784 793 936
545 859 459
110 416 681
586 981 716
235 704 974
717 910 487
4 500 135
120 839 986
708 886 540
262 545 557
933 965 729
840 946 458
292 978 856
438 620 569
854 942 306
111 517 482
774 834 558
471 689 688
309 601 564
725 954 333
764 775 177
611 711 966
627 788 415
815 829 763
197 849 933
320 338 306
992 994 625
420 588 740
219 456 644
722 823 376
303 792 795
654 881 115
204 218 770
68 449 969
331 890 736
718 747 627
489 600 981
253 629 257
157 208 737
56 878 683
815 912 943
533 725 64
526 772 176
403 618 136
817 856 347
785 866 692
403 722 834
837 949 145
148 797 600
56 683 990
570 576 589
939 948 980
472 764 139
259 526 443
806 942 385
978 980 541
732 766 831
928 945 136
998 999 120
165 437 399
59 193 174
943 976 942
27 970 698
650 765 786
415 690 696
722 822 60
865 997 479
446 994 295
558 953 658
270 603 613
580 658 420
966 973 390
147 832 460
8 546 800
885 918 545
740 747 414
953 992 213
779 812 645
300 931 435
3 150 357
72 421 346
186 592 60
967 981 134
939 971 542
807 879 910
907 976 43
966 1000 940
559 627 570
993 998 348
897 988 276
877 938 262
753 964 333
631 978 620
27 716 630
757 838 184
852 954 511
411 534 522
54 643 940
689 699 539
814 902 164
875 998 96
708 885 958
243 673 861
713 918 92
442 499 979
856 906 424
356 728 294
625 911 968
135 987 270
974 989 676
2 90 610
757 875 516
525 588 107
205 478 841
841 902 339
117 407 518
471 879 957
302 534 739
971 999 658
897 938 532
595 682 657
754 951 150
94 989 714
531 974 684
725 952 74
191 907 71
291 392 492
268 862 103
954 966 669
779 901 390
869 998 512
329 797 155
966 994 878
152 589 155
223 440 475
280 496 366
337 349 587
998 1000 872
191 306 747
901 999 806
249 448 685
179 191 659
53 951 878
780 864 806
321 840 989
351 675 943
985 1000 960
86 592 943
77 441 904
952 970 254
798 923 405
155 387 208
186 935 223
832 837 523
694 888 32
708 978 149
250 915 290
113 551 855
102 400 551
512 551 814
588 845 508
902 908 4
857 942 226
593 729 554
311 822 981
447 539 313
678 929 488
780 824 795
236 651 348
823 922 127
989 990 93
378 513 256
999 1000 554
323 436 109
611 767 498
105 634 979
113 423 515
90 373 781
881 894 751
291 381 119
607 895 203
914 960 936
812 823 548
689 728 950
633 775 520
742 869 468
661 880 799
934 981 184
377 929 17
119 626 753
994 998 771
107 238 480
675 776 715
737 752 182
709 928 12
516 638 600
51 796 169
273 663 165
550 638 46
168 557 573
450 569 252
385 823 738
519 987 22
213 839 396
89 937 512
369 471 191
348 857 531
705 860 285
161 853 513
507 688 184
509 672 915
624 780 408
423 572 455
113 237 228
839 921 562
508 698 605
768 802 360
615 789 664
879 969 261
617 932 827
566 756 781
546 667 897
895 942 906
836 884 935
25 108 998
95 334 812
659 898 320
841 875 920
697 763 732
276 443 22
262 466 668
296 486 236
311 900 558
88 904 289
910 987 590
90 970 62
360 441 445
141 493 946
179 990 945
875 957 514
129 760 467
714 803 274
847 852 248
382 731 426
678 922 294
724 913 277
165 886 378
253 364 192
758 937 306
164 421 421
487 945 977
244 759 479
448 493 126
649 756 316
231 265 754
369 588 418
98 486 333
438 994 26
205 219 103
276 531 337
463 749 594
984 999 108
795 798 130
816 957 870
840 975 184
446 490 176
299 690 416
126 471 712
924 927 462
159 693 826
148 851 49
638 651 71
701 919 274
357 428 248
510 916 227
440 612 322
546 556 600
270 972 399
910 983 101
71 266 107
701 862 464
164 367 600
614 941 623
776 847 325
496 753 812
490 510 221
75 345 713
444 862 79
159 481 953
416 801 986
318 945 23
629 952 283
513 947 314
769 932 974
286 316 922
485 898 710
376 727 102
311 838 726
170 654 341
782 902 457
872 941 606
258 406 195
474 538 930
100 484 363
870 944 39
489 542 210
838 872 641
34 767 679
704 856 699
450 624 472
557 801 183
687 886 287
799 816 313
162 671 454
792 800 371
759 887 125
658 687 815
562 646 443
256 632 441
47 453 908
47 914 225
775 977 801
351 449 194
943 972 452
141 774 531
633 911 82
137 226 311
69 657 453
144 902 97
704 911 710
296 390 890
915 943 325
782 832 135
539 603 491
647 696 138
453 902 84
528 969 956
474 810 691
508 661 3
244 827 309
811 899 299
51 113 782
223 669 843
478 891 183
497 566 366
922 928 913
569 830 779
880 955 863
676 964 427
535 657 554
925 964 73
224 909 45
313 815 901
282 545 740
750 910 932
259 435 367
508 964 794
659 741 574
153 376 509
707 813 683
44 183 468
880 982 756
577 616 676
465 726 732
220 293 131
875 883 239
452 604 411
661 699 949
434 639 980
957 1000 462
644 646 811
778 828 684
989 992 825
934 996 430
465 715 20
812 840 832
197 552 364
390 980 865
832 919 697
31 652 134
984 996 722
663 727 552
185 901 912
114 117 524
916 976 707
132 540 941
701 872 451
24 221 753
235 809 971
671 858 130
440 450 855
171 909 910
270 353 316
422 684 607
2 208 647
262 787 343
677 736 623
451 862 864
532 765 916
32 919 831
693 1000 487
814 941 752
997 998 306
320 869 300
169 895 252
919 931 104
192 440 718
427 916 717
170 700 457
556 574 656
417 732 693
464 563 95
421 936 946
134 550 399
845 989 554
561 922 443
244 547 124
495 602 509
334 878 101
571 999 790
69 987 196
754 961 962
781 973 89
320 401 743
572 720 335
321 984 154
324 596 969
417 608 644
84 781 160
828 860 864
926 998 94
3 586 880
762 919 914
910 924 319
135 945 80
531 756 228
878 882 856
397 622 678
394 619 605
414 472 837
252 535 457
638 865 944
612 691 207
720 761 792
505 823 877
674 824 580
609 732 106
658 947 217
478 672 931
471 827 582
752 926 983
830 994 673
555 577 738
185 482 358
387 911 731
906 922 125
975 999 169
301 307 462
541 640 774
992 995 171
575 951 150
872 979 701
456 500 49
128 462 136
561 982 202
460 533 584
344 785 209
520 984 849
795 916 316
791 846 292
811 949 881
777 796 712
207 251 756
438 962 582
492 586 5
233 316 458
658 793 396
260 873 618
491 713 219
854 982 144
292 412 312
878 980 965
249 645 57
34 779 89
688 900 565
605 677 573
394 420 514
732 858 70
581 883 174
8 158 17
985 1000 688
242 429 820
209 751 46
939 999 540
652 817 313
974 975 57
368 642 882
1 392 875
496 530 604
268 594 46
709 922 481
465 618 592
692 743 563
869 966 920
196 762 439
345 759 661
757 955 4
498 811 677
180 837 744
987 991 735
643 758 397
452 832 940
975 994 277
120 826 426
826 833 210
596 812 76
234 326 279
508 881 487
811 830 660
38 696 243
285 518 669
837 931 495
555 882 266
934 974 847
290 391 308
648 852 31
775 963 849
699 845 798
922 933 404
517 812 614
479 522 269
295 633 838
614 635 752
336 561 834
179 953 475
643 815 276
957 964 809
986 988 719
925 937 425
586 813 198
359 597 744
97 375 879
775 793 295
615 713 733
376 426 784
553 815 775
199 809 85
825 865 72
132 873 173
419 429 277
300 341 778
200 382 254
712 791 419
321 834 669
915 998 52
598 958 513
710 908 856
67 543 11
141 611 616
711 948 80
52 646 316
176 382 810
217 958 10
867 894 607
868 993 816
59 448 810
205 337 747
90 987 941
68 562 506
344 598 617
213 984 892
258 889 761
418 850 998
977 991 561
275 432 399
334 752 508
743 849 741
632 758 690
789 912 391
706 737 749
74 185 926
10 210 60
68 130 629
69 468 760
133 194 796
349 630 864
594 763 3
821 837 220
457 667 722
427 777 182
50 648 456
417 710 917
47 467 841
3 731 529
582 896 72
691 931 746
276 592 94
997 999 360
744 964 135
351 748 196
214 284 890
339 805 636
609 659 929
674 925 402
923 948 729
542 713 951
325 390 24
415 593 749
300 324 941
47 72 312
817 881 460
477 815 48
686 968 910
670 969 366
877 881 843
794 997 407
927 952 780
18 753 822
381 621 864
169 898 629
142 805 866
933 996 256
953 974 694
17 648 277
80 338 255
926 933 862
961 975 54
256 797 79
734 860 27
929 959 32
209 995 567
148 336 482
321 425 577
630 735 331
960 979 694
51 461 331
318 776 93
865 936 838
165 520 712
494 987 361
825 883 303
714 947 698
621 800 403
683 925 608
71 598 881
413 549 364
624 801 63
520 870 839
269 293 786
168 948 992
205 843 904
611 933 125
746 952 660
676 896 918
159 284 573
419 774 275
353 574 361
488 678 255
731 783 562
871 976 485
191 192 749
121 867 961
706 840 894
86 966 251
628 655 136
373 914 829
917 961 862
72 943 535
384 953 396
722 738 219
277 733 713
962 979 272
775 993 237
939 981 356
46 360 31
242 518 654
259 915 320
530 780 429
42 148 91
404 741 968
392 888 836
226 793 686
96 553 927
39 644 167
879 900 974
325 916 395
663 704 568
763 855 699
721 973 619
326 858 63
906 916 802
230 622 587
559 672 953
393 919 870
708 773 420
16 679 278
124 741 263
725 778 128
668 860 119
80 521 975
963 976 935
814 996 280
115 556 73
863 892 642
832 994 408
853 860 412
98 342 360
416 984 119
458 562 350
52 342 824
58 125 934
88 454 428
101 112 143
342 476 762
652 887 709
728 912 943
348 487 640
304 437 584
386 740 755
602 756 326
656 958 994
505 554 316
99 876 55
741 975 656
128 666 477
399 947 912
559 855 117
982 986 143
868 950 301
406 516 337
739 832 226
536 903 903
353 728 498
482 669 641
10 166 669
830 975 30
334 520 580
930 948 129
739 873 808
910 935 455
577 955 988
270 561 234
92 721 419
983 992 760
415 430 259
907 964 267
468 828 25
852 865 385
961 962 873
163 375 157
604 790 499
351 491 157
788 955 919
549 861 638
832 880 118
876 954 988
493 827 760
71 324 449
8 274 305
58 929 577
546 865 169
311 760 416
453 932 228
81 820 496
257 611 171
820 870 910
436 480 225
676 975 466
973 983 211
633 733 779
817 868 865
559 924 97
422 744 631
894 963 58
340 568 959
856 915 813
606 883 403
830 839 457
740 879 589
964 978 487
465 768 935
337 347 278
855 972 781
666 955 295
445 567 64
214 830 585
651 654 68
952 979 314
15 192 845
412 865 981
436 689 254
125 198 237
907 937 573
753 900 80
771 805 544
946 961 416
732 829 712
486 593 484
298 955 850
438 620 370
738 996 994
252 779 454
605 722 843
757 953 85
610 886 305
166 186 289
16 322 510
382 410 413
470 671 254
904 906 697
496 941 549
549 956 348
757 814 589
806 985 788
784 960 706
33 992 718
634 825 579
501 858 21
279 733 241
694 939 672
261 976 259
612 969 914
595 992 499
737 852 79
171 289 40
159 623 151
778 910 638
697 976 707
327 509 562
387 542 170
740 823 548
480 553 80
14 56 774
165 620 502
115 386 917
36 910 309
815 985 240
533 690 13
361 919 761
328 726 10
919 926 159
280 493 75
28 526 302
878 986 572
637 772 277
61 185 652
80 244 607
784 831 772
249 386 578
754 762 394
739 888 218
58 208 618
697 875 158
671 868 761
929 968 730
377 749 958
440 574 133
123 977 46
372 749 517
244 922 192
607 690 36
765 803 723
74 136 735
319 565 858
756 837 399
876 971 198
539 682 268
70 606 69
182 930 166
434 833 262
788 974 43
325 574 804
531 735 337
191 840 132
675 864 463
86 916 695
950 990 323
974 992 399
359 819 742
456 529 228
4 136 78
367 712 633
503 585 348
362 473 519
41 736 212
950 976 764
58 389 413
508 546 322
510 871 148
576 595 772
352 435 959
924 983 275
264 705 843
605 843 834
616 905 590
444 935 657
440 522 824
299 948 317
674 940 788
109 973 712
476 546 805
475 646 629
771 957 341
724 895 40
710 800 127
258 703 431
722 940 206
397 741 426
346 981 907
578 860 784
800 994 160
329 689 369
877 886 672
952 979 76
343 383 835
449 528 641
289 891 432
491 642 822
192 636 921
807 850 472
73 615 332
248 338 479
812 963 373
831 981 817
428 961 4
569 814 855
605 903 519
38 192 405
67 440 444
850 942 268
362 782 842
892 909 943
641 741 827
381 489 695
597 823 874
104 601 977
777 895 779
173 435 585
669 724 607
625 728 958
165 351 169
101 385 795
795 919 292
148 969 651
81 919 449
88 791 282
385 893 33
496 628 563
619 761 559
391 721 406
968 995 20
766 984 119
512 767 923
716 735 332
234 259 346
477 967 270
734 810 673
333 996 646
651 783 169
846 876 867
593 721 273
857 874 768
374 790 951
524 826 946
552 991 658
297 491 935
299 792 449
711 962 852
346 560 154
240 828 997
290 373 75
178 232 220
207 807 751
278 872 967
664 969 455
413 906 879
956 996 594
348 426 814
205 329 771
619 636 789
48 804 52
735 847 642
611 958 298
239 712 161
228 594 881
397 880 804
456 579 492
986 999 475
865 994 198
744 767 186
740 857 968
346 372 96
573 957 9
945 994 170
279 491 562
559 794 877
597 923 592
154 871 744
262 647 487
442 621 313
116 912 349
626 950 189
161 213 275
581 762 400
552 665 186
894 953 765
861 962 181
669 941 652
369 811 856
563 790 763
460 930 701
146 716 391
525 954 992
703 902 867
856 968 632
123 590 926
799 818 424
722 873 539
882 961 182
940 944 397
955 956 437
383 416 628
395 748 828
764 946 915
68 175 525
286 731 375
556 670 881
361 790 34
481 870 192
941 968 111
821 992 983
146 423 824
485 970 285
304 391 109
14 307 429
913 972 143
841 899 155
337 705 556
11 380 283
515 973 953
422 476 585
628 817 306
904 963 394
993 996 43
474 765 153
941 992 716
222 582 981
168 922 334
103 604 117
426 568 515
378 562 498
287 644 888
286 617 552
553 682 301
666 948 534
137 831 300
517 579 395
367 491 287
692 922 474
514 586 66
535 897 395
715 948 840
604 718 752
45 538 614
236 974 915
434 520 963
538 909 458
661 988 158
547 664 141
40 912 717
506 830 638
168 307 213
950 954 621
574 649 731
833 885 924
739 753 507
327 931 186
826 893 99
736 909 492
400 547 617
333 366 794
562 972 794
396 486 1
935 996 608
988 998 45
970 988 513
166 394 234
966 987 301
713 864 301
49 412 626
402 409 372
82 492 995
262 511 560
492 585 708
179 243 148
686 941 628
919 974 850
449 531 877
515 807 698
589 889 760
253 589 336
868 976 530
817 851 949
744 812 501
706 882 881
482 954 273
764 991 799
832 971 477
129 837 289
23 875 742
148 834 157
395 651 341
310 504 525
897 952 212
910 950 261
187 241 459
367 516 769
615 686 126
151 940 737
120 834 54
686 830 318
733 932 420
776 860 582
72 233 985
327 497 933
592 686 835
215 385 714
625 792 732
78 825 889
955 995 776
592 769 626
466 683 856
844 856 298
471 558 715
820 986 99
350 487 283
455 684 792
165 458 266
348 947 867
230 728 587
110 467 967
312 941 343
829 959 278
398 715 626
582 740 550
506 574 53
762 909 713
940 982 93
455 794 214
401 543 972
14 31 521
919 925 615
929 935 299
759 854 682
812 871 749
304 474 391
961 989 977
103 987 860
252 300 384
12 573 529
834 982 222
817 981 527
974 991 267
95 363 500
292 760 319
944 953 725
345 740 189
729 998 551
811 891 65
441 683 362
150 270 332
418 647 997
484 712 636
107 815 973
212 375 243
138 847 667
813 912 770
682 794 671
348 747 725
777 883 356
665 845 749
130 579 527
570 675 459
244 646 779
727 807 42
142 360 712
778 837 788
227 625 624
302 772 852
869 928 179
739 889 934
793 929 752
130 925 747
630 679 208
267 508 736
881 933 830
602 831 480
993 996 232
287 722 760
914 978 581
689 890 914
870 888 323
404 793 776
92 413 498
352 982 508
324 943 453
617 763 145
929 954 859
337 737 641
557 984 287
970 979 395
83 767 271
451 457 793
199 978 965
189 721 980
701 788 357
544 966 749
540 612 705
493 664 242
252 864 1
469 795 480
778 916 169
111 661 971
405 766 840
506 507 228
697 974 988
168 212 812
602 833 694
885 942 756
973 981 243
572 864 112
33 740 567
612 620 779
178 523 458
896 924 442
109 464 270
360 729 359
875 991 68
188 333 358
298 852 689
64 531 621
503 883 206
506 839 289
966 983 301
439 517 848
33 304 971
953 970 144
462 835 184
659 769 580
110 612 506
782 910 804
419 713 548
704 815 673
886 890 329
27 206 60
162 898 561
64 687 611
930 983 937
92 311 106
334 763 800
263 447 748
305 730 130
416 908 640
506 800 588
92 862 101
504 653 610
409 561 132
749 879 149
863 979 777
766 973 892
182 420 820
812 971 493
51 761 116
116 797 985
5 451 159
635 650 413
412 734 525
82 432 578
625 766 117
520 970 477
350 417 247
577 780 759
951 959 865
245 906 461
368 489 795
824 914 460
867 970 731
989 993 324
914 973 460
862 909 299
459 680 729
890 932 586
557 696 587
30 389 526
132 612 333
38 700 544
48 507 982
199 337 965
450 969 48
482 831 96
856 931 265
814 837 738
588 825 958
922 983 757
32 216 874
478 605 371
976 993 367
189 980 413
511 687 483
505 529 427
432 567 302
908 935 798
335 978 943
928 953 427
94 196 972
782 899 800
62 445 61
858 948 519
584 679 790
214 750 784
284 308 510
671 776 952
776 968 64
199 223 710
963 974 914
952 979 57
563 571 301
541 626 684
645 920 178
707 858 127
769 903 793
127 945 415
16 530 841
104 182 112
635 711 612
101 926 846
330 369 4
914 960 747
317 694 101
948 968 963
246 959 298
430 608 568
774 979 132
184 815 941
461 774 120
386 823 741
195 722 911
512 617 798
147 588 544
381 726 196
163 776 733
199 539 40
388 582 652
585 930 455
903 920 717
46 961 393
635 726 895
82 727 786
546 831 405
63 688 810
31 270 184
63 316 421
298 343 499
121 538 455
828 858 242
751 806 523
520 903 575
694 765 421
723 825 984
26 913 164
630 883 866
762 935 314
783 860 819
829 884 333
970 976 35
8 342 918
695 751 425
477 910 108
529 723 732
98 443 532
591 662 78
722 762 533
541 604 653
632 978 705
561 608 359
326 703 10
81 640 930
563 652 35
511 736 618
367 943 371
774 960 72
205 803 278
764 891 153
189 719 603
258 345 493
883 977 246
297 406 331
702 946 796
856 873 432
459 654 743
369 403 532
135 863 529
739 803 306
910 935 795
928 977 715
513 812 793
113 174 344
863 973 371
919 957 479
306 326 974
100 917 957
526 914 922
730 941 867
922 971 883
813 984 673
140 801 367
345 835 592
276 638 214
323 878 162
226 756 735
590 939 428
75 254 495
87 344 546
691 898 983
22 886 733
832 845 269
772 988 12
174 954 499
466 488 752
196 433 491
425 429 209
393 901 631
897 960 508
914 995 814
879 909 584
769 794 342
297 950 241
972 988 577
201 491 738
399 577 372
634 989 422
755 917 115
925 944 989
750 966 790
939 951 894
814 911 582
259 854 520
879 969 616
985 999 308
405 706 917
394 747 694
728 816 124
890 994 489
397 856 958
285 675 764
624 951 808
835 912 505
446 855 61
98 169 375
289 928 350
186 811 531
753 940 400
128 643 824
803 863 614
438 833 631
640 923 247
742 815 398
446 802 292
112 258 224
164 528 380
699 751 483
929 996 188
205 845 61
193 577 211
393 574 288
399 405 116
83 441 660
206 304 807
687 711 979
403 794 251
953 988 261
345 914 927
200 356 90
105 810 536
208 383 482
184 415 305
523 789 762
297 741 920
21 984 61
729 961 898
807 935 506
320 631 914
275 831 899
374 942 567
959 972 462
131 430 626
383 907 954
789 848 867
693 917 829
765 861 845
219 229 754
500 783 442
152 894 936
692 877 824
248 818 407
610 744 826
421 617 808
895 947 638
658 929 284
78 508 429
395 954 327
197 909 303
36 345 480
735 834 919
493 693 489
924 947 956
63 334 592
341 530 34
176 373 958
452 586 827
928 972 649
668 846 99
511 889 787
713 975 229
304 816 809
906 995 981
639 711 732
402 484 737
618 788 849
89 130 169
79 545 436
744 885 570
865 951 3
82 199 521
993 997 62
505 661 833
159 190 855
808 924 199
794 817 120
704 882 345
824 825 257
998 1000 192
288 632 100
963 968 255
635 882 57
100 581 550
221 740 714
979 994 867
533 697 835
636 883 414
917 992 503
180 457 207
583 622 880
293 384 549
327 347 435
473 718 466
493 650 254
859 957 807
976 995 817
388 924 1
351 789 884
537 765 128
718 889 584
760 929 971
272 386 253
695 941 588
520 716 731
481 844 455
571 725 479
726 919 895
591 943 703
61 980 389
731 862 185
324 955 341
337 664 288
227 467 842
829 861 223
541 786 692
384 551 636
471 768 503
932 949 616
750 793 435
479 941 984
874 916 3
375 512 315
377 517 41
746 800 320
421 519 162
40 959 988
974 993 19
278 752 550
283 811 731
157 471 31
689 803 705
135 262 850
596 601 121
167 740 253
181 869 202
108 566 854
367 650 332
282 710 646
864 984 942
492 884 727
274 444 370
60 199 545
848 908 353
223 857 341
422 791 3
542 835 141
189 867 815
593 796 905
201 642 722
376 465 776
201 907 464
746 925 453
732 844 529
198 231 256
659 772 138
129 592 869
92 410 251
31 622 280
13 477 308
454 554 557
32 257 463
670 900 338
970 994 80
308 638 476
102 533 485
908 933 558
63 674 24
26 500 920
175 443 736
190 490 113
98 272 350
87 628 353
447 653 758
799 973 301
523 831 748
699 876 218
854 942 2
558 902 844
269 499 83
511 885 113
954 997 431
595 870 384
323 384 972
650 942 960
763 899 15
761 908 756
375 932 266
699 875 884
75 522 984
998 999 677
689 914 211
619 917 79
66 208 433
470 510 500
854 1000 746
580 734 442
248 681 701
638 868 816
485 845 201
915 936 276
238 915 269
350 428 981
31 723 125
148 957 391
231 585 153
336 801 967
46 510 991
371 687 533
820 872 546
810 817 600
97 760 950
176 696 345
530 846 71
722 788 669
749 888 757
975 988 955
259 432 435
241 777 323
895 933 926
984 990 494
351 812 359
521 631 299
495 820 490
777 947 471
145 764 900
347 450 570
945 966 336
267 726 977
736 931 592
604 920 88
132 850 82
491 526 985
919 978 444
510 953 191
758 932 268
784 799 664
96 414 730
703 728 696
745 967 345
947 998 749
971 984 793
48 99 581
543 994 600
239 982 679
883 929 775
775 795 71
470 981 836
106 925 679
89 94 55
983 990 436
86 542 75
397 504 927
946 956 239
100 905 997
150 664 745
743 946 891
669 940 898
917 986 569
771 975 931
597 873 670
446 800 877
698 957 956
151 476 491
620 671 454
272 451 798
317 976 407
8 478 241
645 903 154
996 999 117
823 936 52
456 531 926
265 346 658
209 701 332
272 922 212
602 646 242
331 334 2
835 907 36
33 443 15
720 901 249
719 885 886
628 631 666
133 872 717
465 750 554
740 893 895
83 387 870
718 918 407
815 926 501
996 998 674
840 907 343
277 399 828
492 633 888
181 357 79
848 992 265
544 563 503
224 386 975
695 938 191
739 961 925
383 926 310
590 764 145
111 747 538
45 179 314
933 965 216
560 724 756
928 934 299
502 979 496
621 900 396
604 706 493
214 307 861
945 985 194
837 972 543
424 732 92
430 917 978
195 417 911
419 624 122
866 930 381
537 852 897
284 777 671
633 890 117
258 945 863
292 430 102
206 603 747
745 911 405
805 839 884
700 923 161
237 320 766
361 511 247
97 469 724
843 992 345
158 211 727
802 928 562
213 495 317
115 782 968
530 725 441
806 942 32
210 264 798
97 270 255
959 985 221
505 981 691
181 469 308
84 93 678
588 644 387
834 924 275
44 624 375
565 799 427
766 780 644
255 540 926
487 921 525
30 685 690
928 981 68
109 928 732
974 979 249
327 652 459
303 824 994
169 243 13
490 945 682
395 935 827
763 908 538
869 941 876
316 749 960
751 890 614
361 898 358
409 467 92
873 962 96
893 929 410
74 536 400
464 657 730
407 788 754
906 910 857
837 944 438
609 627 446
335 360 527
175 717 686
326 580 722
325 897 127
398 850 223
370 518 60
828 857 866
184 624 279
317 471 297
557 829 2
408 812 659
735 787 213
951 997 900
307 727 243
712 880 211
377 946 69
680 777 492
220 605 11
334 706 870
219 948 818
816 975 846
638 801 196
960 965 199
467 559 782
840 977 53
772 838 537
40 221 105
300 484 694
480 767 483
177 805 560
188 294 621
282 979 660
962 983 486
564 877 168
349 497 263
947 980 416
362 864 342
78 599 320
644 769 846
768 888 916
897 974 347
106 783 409
163 698 994
266 412 77
62 145 457
451 828 515
416 549 1000
399 536 474
159 890 7
839 860 862
574 811 299
208 434 713
368 457 164
665 926 913
332 559 16
557 820 415
9 279 884
466 821 941
580 615 707
73 844 161
741 874 401
590 645 881
110 226 851
839 993 528
862 895 865
938 954 862
991 997 843
211 964 959
770 913 500
182 546 696
434 799 845
133 974 641
531 700 882
870 989 216
478 740 68
10 344 619
874 911 109
32 626 70
55 129 585
848 886 55
299 421 214
130 208 40
645 923 666
286 722 561
526 706 386
344 451 718
726 894 601
412 962 120
408 957 626
222 990 518
604 871 238
273 676 711
887 906 655
3 626 113
135 544 168
15 805 451
282 803 52
168 589 718
971 974 308
437 534 66
336 745 185
735 748 112
919 927 573
292 761 361
571 842 518
416 711 237
149 445 755
851 965 925
944 953 522
361 886 377
287 665 137
794 941 180
157 201 312
972 992 34
73 441 152
935 995 485
882 960 334
747 935 834
993 1000 626
846 878 274
172 1000 10
512 534 232
418 962 47
85 950 793
559 633 452
185 820 830
399 684 77
39 746 178
604 978 2
27 340 986
343 469 105
483 628 33
715 982 798
177 470 991
377 940 871
208 577 996
285 714 530
662 845 649
279 758 216
850 902 262
45 811 858
430 964 203
721 736 672
727 973 833
981 987 767
849 970 242
648 853 972
576 788 934
74 913 935
679 969 340
288 366 748
504 665 729
693 936 941
381 499 560
872 911 548
208 807 130
437 736 210
580 912 105
509 564 941
117 152 208
608 805 526
630 885 888
822 882 938
508 884 269
386 398 522
954 965 454
857 900 602
128 268 219
856 970 1000
206 736 426
135 423 415
26 589 26
828 995 373
622 987 741
656 910 450
759 940 290
541 696 184
810 976 906
61 152 382
921 931 394
949 983 585
468 550 709
98 915 83
182 691 266
155 916 977
109 327 506
511 994 534
776 990 212
468 951 265
180 926 976
370 555 495
213 341 150
925 943 189
854 878 226
567 680 896
76 94 642
671 778 219
549 888 936
662 797 978
118 772 550
402 501 863
196 627 281
583 953 752
954 991 713
953 955 632
565 799 26
875 933 877
591 871 385
296 305 948
461 642 558
338 415 386
347 422 939
699 759 51
575 658 635
860 983 793
509 880 971
297 859 663
614 778 407
69 89 749
439 796 957
618 713 876
528 611 9
191 497 43
618 766 304
781 938 778
902 903 655
936 995 133
202 265 956
650 713 104
245 720 866
750 886 725
603 815 962
7 148 710
728 757 532
899 993 257
36 116 875
514 835 856
423 860 91
10 75 611
718 872 67
607 652 914
69 549 278
752 936 134
651 675 208
348 522 750
318 928 883
531 869 65
871 930 173
15 523 515
227 683 405
617 652 167
164 587 389
138 788 830
386 515 575
464 929 49
274 311 359
856 997 905
452 675 513
922 940 253
912 915 409
81 382 917
405 893 834
567 596 355
626 891 444
70 976 129
490 619 892
741 879 859
442 741 414
954 983 235
148 529 179
418 878 234
500 678 350
102 896 823
751 992 271
537 804 543
853 982 961
5 701 949
398 633 434
929 999 392
66 931 668
861 908 754
117 185 842
749 856 775
528 605 149
544 705 259
851 928 352
627 953 457
849 967 117
954 956 163
90 359 437
87 709 431
671 814 660
652 969 994
425 511 437
969 970 759
321 922 153
22 635 269
974 975 508
437 501 336
805 919 121
950 1000 97
58 295 463
734 811 313
743 880 505
3 497 351
892 949 680
353 976 777
956 975 276
579 803 754
571 588 736
102 264 618
749 772 669
806 854 391
406 671 731
398 841 573
147 753 725
499 544 654
144 429 617
829 999 967
682 842 892
406 629 645
180 295 516
573 659 4
826 955 844
719 900 124
389 857 616
551 734 387
384 508 105
321 719 350
331 832 242
774 929 473
223 789 280
454 470 554
155 932 738
882 910 260
884 977 826
193 706 150
562 628 331
812 934 797
433 843 986
345 975 182
757 785 988
336 704 80
408 707 208
775 977 62
156 622 539
631 729 195
39 984 769
940 962 803
389 849 446
197 910 960
224 390 448
760 772 26
883 918 854
698 941 996
395 687 699
628 949 443
1 240 581
520 614 682
356 513 200
997 999 113
629 815 14
876 924 51
105 227 285
176 557 1000
327 739 10
71 498 325
697 970 218
751 798 687
389 391 773
494 896 222
816 956 843
422 905 536
422 867 721
597 848 737
266 754 228
457 643 369
315 521 897
363 656 440
887 891 131
181 532 292
700 982 326
957 968 285
542 594 358
918 978 912
86 161 991
164 801 393
657 723 78
303 858 975
603 626 634
993 998 11
436 635 632
111 411 448
468 990 844
914 948 592
957 1000 966
712 800 240
947 952 647
614 925 489
540 612 654
612 659 531
101 390 684
156 993 491
763 993 207
609 937 269
623 733 365
281 732 485
714 756 879
754 799 417
751 863 984
811 981 698
611 883 917
391 768 775
949 977 145
83 141 337
567 987 538
549 733 600
12 21 626
901 942 860
637 689 236
304 515 44
235 581 798
212 378 948
491 975 111
938 978 838
782 997 503
203 359 872
39 502 105
127 871 97
961 983 832
684 825 720
479 724 555
207 893 731
861 899 896
955 994 528
186 971 500
727 983 254
151 601 575
39 507 424
127 296 544
663 829 424
601 954 457
729 751 251
429 477 920
317 889 440
769 951 311
816 943 670
628 823 87
906 929 674
870 944 976
331 539 900
231 289 241
428 837 883
652 974 238
946 998 589
465 570 255
968 995 377
336 373 646
771 878 714
386 718 214
688 689 596
597 924 125
499 705 718
861 926 936
599 613 766
406 716 314
709 804 250
159 625 594
929 991 869
300 896 304
387 419 209
616 628 46
873 890 872
540 587 242
76 406 985
121 697 564
301 505 378
423 515 615
602 922 452
784 909 48
778 851 587
294 395 510
508 695 537
56 252 139
582 885 240
256 604 905
885 984 424
439 598 632
886 985 120
983 984 284
827 919 633
30 720 920
600 930 392
186 364 212
958 985 800
18 134 21
332 812 424
377 422 684
266 676 241
904 994 514
93 694 376
195 397 379
344 645 878
613 847 296
725 959 448
70 188 87
813 944 943
150 299 229
674 752 945
866 999 640
682 698 106
44 426 431
671 750 729
70 762 897
564 678 613
736 814 451
290 898 729
191 317 344
101 284 737
870 997 925
626 892 989
277 316 521
25 607 521
798 906 729
796 866 271
805 821 55
376 798 821
675 750 358
116 412 438
729 743 475
440 798 472
504 568 646
363 629 1000
269 278 774
49 237 96
781 901 620
97 998 411
799 942 600
787 797 928
659 795 780
502 977 883
643 861 909
238 631 130
676 756 180
425 563 629
206 789 643
529 841 210
837 979 255
858 883 203
286 462 341
913 938 904
889 914 917
619 873 559
224 501 267
586 700 729
472 881 845
624 739 538
361 896 555
286 896 974
106 520 823
765 816 322
957 993 330
792 900 260
62 914 568
661 840 895
15 288 683
92 236 771
418 898 10
424 504 993
785 933 764
928 947 478
912 975 302
699 984 102
975 979 339
217 868 459
18 353 734
703 899 69
656 855 360
592 838 546
335 937 704
763 865 922
289 799 889
911 914 79
62 508 134
801 912 160
828 990 711
222 871 114
121 496 688
553 738 260
992 995 821
312 830 125
543 678 874
533 880 335
31 900 164
172 746 267
754 845 132
364 372 950
775 789 919
991 999 510
749 806 665
291 697 634
53 306 646
239 451 643
894 948 382
446 743 970
22 970 108
299 712 698
878 882 780
853 996 910
383 490 764
796 886 361
128 744 457
761 899 945
838 970 896
808 920 700
291 743 356
641 770 32
953 969 601
406 648 906
329 553 338
282 895 180
327 840 307
278 909 382
403 610 339
276 606 373
651 831 323
45 733 561
172 790 190
512 779 987
615 835 126
953 995 456
352 895 507
754 915 466
846 874 329
401 421 9
920 944 611
523 842 703
350 889 139
715 766 644
41 970 372
118 254 161
511 560 741
256 313 707
276 920 31
807 902 882
751 856 293
690 731 874
795 925 846
378 417 541
429 586 649
581 722 222
518 698 642
948 990 952
417 871 428
119 434 893
170 388 402
830 861 194
6 608 515
854 880 248
659 824 8
77 118 681
69 179 856
721 786 84
426 488 890
78 213 610
868 960 347
448 666 381
178 682 831
923 978 472
28 189 990
392 667 255
874 979 155
297 412 593
869 968 453
206 905 964
212 938 95
354 652 925
722 954 133
492 965 786
187 579 902
138 301 210
44 562 335
257 777 925
437 723 371
215 536 745
815 908 320
534 546 680
673 965 258
640 799 788
829 894 140
77 963 794
71 821 900
430 716 787
931 992 74
578 713 942
476 756 216
656 998 695
936 941 137
576 827 412
70 806 374
117 304 169
667 738 910
221 846 562
379 418 503
796 891 161
734 965 548
128 969 811
614 651 533
260 664 160
983 988 731
2 462 622
525 933 846
281 889 638
498 536 897
190 343 526
649 872 488
694 926 188
289 541 934
796 844 210
860 970 991
796 816 78
948 951 279
541 692 3
757 901 635
252 931 59
447 453 309
871 974 309
466 529 937
60 155 187
152 198 956
905 933 623
649 867 675
434 548 669
858 903 939
494 775 782
926 944 379
285 602 434
355 922 178
193 933 695
764 801 463
156 435 801
980 985 890
776 881 954
842 874 57
462 523 413
223 245 494
590 861 97
573 737 518
930 944 380
710 906 234
926 992 878
263 797 466
516 911 856
974 984 211
120 753 424
451 664 379
120 932 654
75 481 397
122 234 949
857 999 953
159 885 814
111 353 406
527 625 146
730 758 695
547 665 818
682 835 248
251 279 994
415 506 52
228 259 124
243 774 540
37 38 292
791 826 270
325 491 911
813 981 52
287 819 656
802 983 485
443 563 108
591 790 223
810 896 342
711 772 992
699 959 1
180 189 542
788 825 333
410 772 296
774 955 522
938 989 185
859 907 73
661 793 6
443 638 12
980 997 53
863 916 282
677 722 64
336 814 821
828 945 236
524 867 90
613 870 442
918 999 28
420 946 928
425 561 59
720 830 987
384 414 373
780 971 903
4 119 497
193 530 571
477 821 422
768 859 600
896 903 349
251 435 145
527 808 898
522 566 275
879 882 219
806 963 251
187 594 863
665 854 79
915 981 20
731 882 975
941 972 324
488 551 44
117 382 508
136 647 250
373 936 90
300 410 396
913 958 782
755 780 359
707 992 850
655 926 708
868 945 713
714 842 870
71 926 599
668 790 774
176 334 634
366 825 539
146 661 762
570 646 966
385 391 897
399 762 294
904 982 906
234 805 618
379 965 81
58 657 100
420 521 594
280 992 771
5 821 424
811 913 880
500 714 288
31 232 655
120 488 125
570 818 997
369 600 56
459 698 225
219 636 736
298 670 582
333 663 308
126 199 335
349 729 667
95 894 892
215 482 194
966 982 854
478 914 934
851 937 594
693 928 777
28 260 255
575 856 599
489 886 245
815 852 984
998 1000 859
409 858 71
395 482 581
340 717 10
36 822 80
667 782 229
931 971 852
823 889 438
435 948 546
882 985 678
363 559 624
643 774 694
876 877 796
841 915 122
837 922 432
307 453 358
226 718 175
130 561 336
719 887 375
797 986 699
192 255 104
998 999 578
433 846 598
312 974 979
754 794 214
360 994 90
881 969 102
741 875 178
399 724 111
710 977 317
614 666 354
935 989 679
426 737 851
632 754 237
601 768 878
940 998 261
446 978 451
845 944 604
44 829 113
550 791 459
25 412 759
115 334 724
294 508 701
974 987 737
451 527 640
723 857 730
114 349 627
985 997 520
523 606 369
207 728 865
164 187 368
752 848 147
114 124 368
337 648 694
427 569 292
48 144 470
802 835 474
692 897 766
307 851 367
431 726 109
864 939 830
521 910 155
758 903 410
784 980 314
223 802 89
181 624 564
726 978 563
737 926 677
326 886 128
20 276 133
922 982 700
228 398 76
151 769 304
585 893 326
901 948 893
936 1000 859
773 814 638
443 509 290
767 836 994
297 457 894
155 606 608
688 776 512
406 749 377
915 946 778
942 955 25
45 448 709
681 823 961
839 959 715
651 956 310
683 979 171
8 253 338
340 888 33
273 781 859
480 781 440
354 749 744
286 305 850
901 995 751
434 473 492
411 789 47
795 803 610
175 937 387
163 958 513
522 945 51
314 864 235
706 797 553
503 866 262
828 910 669
680 764 840
666 690 856
31 387 967
178 799 223
812 837 163
957 980 295
183 493 924
793 887 940
346 891 672
543 979 255
725 747 92
658 817 199
167 601 617
374 529 51
279 897 313
746 849 522
47 600 792
416 799 804
720 879 897
19 142 990
737 885 485
560 849 650
445 585 981
324 405 874
166 321 972
740 889 738
750 970 776
947 955 120
669 736 776
758 878 75
805 824 517
278 394 956
683 774 822
391 580 276
995 998 279
958 977 245
855 870 271
152 799 752
944 976 320
954 973 636
660 698 391
800 961 87
507 593 803
vertical segments 4000
305 565 906
112 153 169
185 558 672
501 520 708
175 674 992
686 35 360
314 482 929
463 584 944
248 206 348
780 427 551
899 996 997
289 495 963
480 742 856
523 297 474
928 92 502
40 97 536
641 887 930
647 506 775
224 742 961
852 143 240
735 154 843
539 861 901
536 298 376
841 588 878
950 811 966
149 873 895
29 77 797
753 897 904
210 900 980
178 47 486
758 872 960
201 708 732
836 743 860
771 615 724
598 870 934
752 58 267
838 400 606
455 120 587
301 527 841
850 505 889
878 119 840
466 396 702
216 396 881
777 630 999
1000 410 902
665 440 840
150 747 860
410 147 973
138 635 733
687 572 652
611 212 859
601 226 263
267 144 887
706 586 966
388 140 311
523 221 274
538 447 915
260 646 923
253 182 365
78 595 872
890 459 494
200 26 467
589 389 438
784 100 237
93 813 995
580 276 549
313 69 895
621 74 464
681 347 666
163 739 875
64 772 965
370 113 143
735 899 914
176 227 879
366 678 739
931 387 539
144 845 896
315 282 831
648 408 960
25 337 847
72 484 751
560 410 671
723 192 533
351 587 840
748 795 838
756 958 959
263 803 813
773 338 870
215 810 874
787 88 764
456 196 390
893 855 924
318 638 987
58 828 842
686 226 242
150 575 692
824 694 882
375 119 456
415 616 888
383 706 954
441 878 881
540 523 779
290 119 797
393 366 816
745 22 462
692 963 968
756 758 906
511 7 824
239 181 900
786 667 940
784 592 674
640 979 985
637 509 821
157 325 400
614 274 311
795 799 905
225 228 366
146 946 998
29 287 613
840 534 747
437 478 602
568 817 933
222 65 112
900 898 971
154 362 751
220 492 785
595 350 558
669 636 834
888 719 857
634 479 730
354 827 862
844 809 845
102 769 826
560 172 807
587 562 599
311 879 987
767 54 540
577 846 966
413 99 999
831 362 831
269 435 859
127 753 940
226 852 893
253 933 967
631 807 886
832 763 860
116 594 977
327 761 780
283 618 762
368 886 973
521 323 356
316 477 802
668 486 589
665 614 704
906 971 979
182 255 647
851 408 755
12 859 912
161 827 895
748 979 996
154 831 1000
390 113 232
869 318 722
95 136 958
690 71 384
759 471 794
142 13 690
325 223 387
558 27 105
144 16 842
638 332 432
780 575 642
234 817 903
392 424 774
75 223 402
126 907 983
354 125 194
926 857 924
126 850 862
965 875 879
728 820 919
191 375 901
952 530 662
77 522 540
347 740 835
75 461 879
895 554 857
359 49 329
684 488 533
674 147 326
735 381 816
868 313 674
687 999 1000
800 244 489
490 496 877
673 851 892
424 136 842
414 465 859
67 11 770
190 672 900
328 995 1000
653 777 882
212 435 742
314 767 969
551 98 370
511 700 749
324 567 583
989 207 679
149 408 790
951 245 454
646 609 842
870 69 78
186 403 740
828 179 284
650 189 385
226 378 893
248 823 839
300 645 757
853 471 873
807 509 683
682 56 564
588 751 869
843 590 963
284 548 629
450 672 746
7 212 513
305 892 992
734 253 280
434 425 541
84 426 727
807 793 964
394 610 847
392 867 940
414 518 951
511 766 871
580 45 881
814 708 932
694 600 944
587 471 530
246 443 980
434 409 731
175 353 358
943 624 844
800 423 732
521 679 727
413 233 598
376 323 832
241 449 875
405 520 632
438 315 763
683 388 643
976 929 964
821 635 822
402 366 539
817 672 752
463 180 432
239 241 793
401 31 268
19 299 664
246 783 831
428 398 905
548 916 997
150 255 904
508 775 939
511 522 677
924 494 901
851 318 338
147 85 711
887 602 822
470 287 450
981 292 580
575 734 736
171 186 598
96 755 826
549 438 782
796 537 647
604 858 959
250 972 1000
666 332 473
299 235 702
294 359 520
57 405 588
486 689 698
935 469 512
440 830 973
283 378 901
619 567 976
352 541 753
455 569 922
688 843 855
801 746 822
716 818 999
884 40 556
868 718 872
522 33 262
357 783 850
265 122 304
144 14 16
578 733 894
494 605 645
858 919 921
163 64 907
8 451 599
903 737 794
571 628 693
874 319 471
547 85 450
162 349 649
646 164 302
152 63 132
348 962 970
404 740 923
345 477 808
895 387 684
311 741 979
704 965 970
131 946 961
315 369 862
780 269 844
887 202 712
81 976 988
613 105 709
425 663 708
287 426 519
167 495 653
175 247 641
618 595 868
941 766 889
173 578 783
667 158 245
589 407 964
992 452 813
734 546 754
189 281 985
792 186 798
81 412 627
466 184 268
556 721 824
364 252 626
254 692 905
621 798 937
834 675 971
262 476 631
621 365 957
848 717 951
955 348 857
827 877 999
105 448 584
620 839 895
449 753 783
713 405 981
958 963 970
762 704 899
35 273 497
513 646 907
582 81 458
691 462 925
798 619 757
934 141 636
648 662 748
674 801 867
204 562 851
618 56 432
735 709 833
559 891 927
325 28 770
890 445 711
362 207 781
869 799 804
979 446 861
264 290 741
824 874 947
719 948 978
544 686 802
620 895 951
751 177 665
125 783 984
351 130 688
809 845 916
850 696 817
184 106 702
442 526 628
602 626 730
547 63 142
279 126 691
262 92 894
319 619 633
978 480 482
527 979 992
909 810 854
665 797 993
874 610 884
716 886 935
276 812 816
93 802 952
915 713 787
894 632 706
192 473 964
83 175 955
207 942 988
344 487 569
803 520 707
217 999 1000
485 133 464
434 70 266
975 961 963
222 811 812
524 973 979
184 137 739
316 434 495
603 18 572
739 822 974
974 268 803
36 274 641
270 808 892
96 65 653
434 434 885
575 761 958
742 304 451
1 165 937
995 872 874
254 991 1000
837 662 772
937 711 837
188 902 938
730 989 1000
364 106 371
481 317 599
76 966 972
868 253 473
303 434 593
176 957 979
338 7 18
706 474 980
746 335 749
107 302 320
664 17 715
580 72 579
435 917 941
762 771 896
577 230 784
197 18 58
6 508 994
251 78 603
292 186 262
599 65 479
161 82 779
940 442 734
384 791 982
45 88 642
407 568 879
303 598 902
414 263 419
941 425 535
4 897 988
926 825 828
302 151 463
297 25 256
783 856 917
919 859 872
255 447 577
296 918 933
557 757 787
585 586 591
535 773 923
729 570 576
867 425 470
784 428 875
278 992 998
147 488 851
710 24 490
349 498 818
414 959 988
110 85 671
921 458 599
816 564 806
124 805 956
827 203 282
834 540 868
339 145 817
424 663 848
44 175 288
226 723 917
500 912 916
813 98 139
356 617 940
701 798 943
729 906 907
237 694 717
762 843 913
781 807 995
431 166 747
909 897 968
726 481 878
852 64 903
186 649 889
285 38 963
446 279 653
251 196 780
196 713 835
344 416 941
765 610 811
752 623 998
341 86 287
803 709 899
675 875 971
455 105 318
174 256 291
98 689 731
87 959 978
274 399 762
877 747 778
233 450 882
193 106 966
428 11 666
826 460 941
656 11 781
9 111 182
88 759 803
121 705 795
538 90 560
631 570 751
263 437 684
912 807 905
256 715 996
538 677 794
963 253 516
413 868 976
513 261 876
287 79 425
413 992 1000
172 246 292
396 667 819
260 869 987
465 852 1000
902 839 965
222 808 932
153 6 524
468 557 602
893 257 778
112 948 989
253 101 302
810 552 754
559 551 907
966 466 565
251 134 596
546 310 415
615 85 128
17 784 800
152 811 935
96 15 264
252 989 996
175 251 325
72 286 308
334 17 793
170 322 398
81 299 898
189 940 953
583 443 638
805 790 850
97 298 473
192 455 589
272 358 834
678 817 863
345 583 949
589 506 807
634 609 979
239 240 425
403 527 535
965 434 890
325 739 803
857 518 790
954 452 485
816 90 138
901 651 996
237 712 904
61 823 919
789 616 738
838 978 987
780 403 812
273 668 850
210 662 994
484 560 777
186 93 324
292 768 959
285 42 866
309 698 784
22 374 971
670 629 689
101 991 996
155 763 871
629 393 972
353 743 913
610 450 993
896 909 948
55 476 873
604 39 699
298 259 886
58 914 921
33 101 438
555 332 707
192 637 717
913 539 808
307 551 569
229 321 964
152 373 544
25 894 951
934 743 898
875 903 986
602 220 632
83 164 346
483 55 140
180 123 604
509 834 907
661 120 426
17 934 974
16 800 859
238 372 918
230 713 849
286 331 725
660 337 519
602 165 574
921 769 953
254 958 989
150 215 818
909 258 348
614 980 995
936 952 987
177 55 927
5 810 814
442 563 752
181 946 958
592 48 324
736 4 564
451 845 994
427 246 712
555 901 989
416 464 505
866 924 982
285 132 267
981 130 433
287 168 903
653 278 566
670 746 815
712 518 753
587 203 460
848 416 895
518 142 820
649 346 609
752 424 470
105 310 551
61 99 787
335 860 984
470 893 911
514 652 691
866 459 881
285 982 987
387 543 948
186 762 780
524 674 983
434 833 847
277 308 439
30 531 581
832 572 994
205 168 260
399 406 507
511 682 856
475 782 946
547 608 854
577 156 390
739 258 698
89 116 811
527 129 479
933 757 784
408 789 916
332 567 593
357 298 376
167 822 900
866 559 869
230 695 743
670 770 995
156 428 613
437 33 374
885 67 414
289 132 358
110 996 997
338 102 829
550 907 982
829 110 264
315 967 984
995 475 979
500 797 801
262 451 494
527 562 729
569 585 737
626 837 976
955 427 660
559 465 992
143 804 971
21 869 989
249 96 622
721 646 910
539 828 971
666 401 526
374 1 88
707 59 596
576 609 976
752 146 349
522 911 989
313 864 984
748 906 940
82 591 772
602 808 920
742 632 754
911 332 578
946 400 954
906 364 735
297 208 821
387 985 989
602 961 995
790 846 988
262 745 898
571 447 592
935 946 948
990 582 619
356 426 693
740 50 442
949 183 659
817 932 952
670 446 832
14 241 770
42 585 917
160 587 829
349 331 748
892 376 991
721 5 820
331 335 983
84 272 685
475 942 987
994 220 434
733 200 703
418 542 792
620 922 979
6 278 348
183 969 993
802 308 765
426 593 977
604 822 833
455 834 900
389 286 589
71 900 927
179 1 409
809 699 784
383 432 583
783 393 794
988 978 994
858 533 686
299 212 717
948 7 326
331 778 794
195 200 589
165 284 918
955 776 874
47 758 990
258 343 800
356 165 344
67 971 987
884 638 824
842 120 750
914 20 967
141 967 999
677 5 44
932 610 887
783 930 998
22 340 890
320 332 537
340 856 927
398 828 998
174 636 809
590 960 964
186 213 761
401 212 333
831 481 981
301 714 724
581 279 878
794 710 819
335 683 974
67 467 522
968 267 1000
740 845 848
418 915 922
522 206 657
556 33 930
728 985 989
520 969 972
699 708 890
95 563 722
897 816 969
464 889 991
500 226 793
182 299 824
300 941 994
898 295 892
12 899 975
111 456 565
852 158 961
295 854 876
413 740 794
940 918 988
644 891 940
554 937 992
964 948 998
786 831 954
193 666 677
444 25 917
535 730 978
905 60 570
620 496 699
32 932 985
68 565 738
160 707 913
88 87 421
93 173 721
139 205 475
365 593 809
84 993 1000
761 38 819
27 673 867
280 653 918
36 420 864
37 181 484
801 457 598
152 941 1000
840 85 644
857 743 980
552 312 375
290 919 974
312 515 565
817 756 868
498 24 770
676 83 278
209 20 954
728 625 937
118 565 769
845 543 999
159 977 1000
764 165 855
889 32 494
248 891 946
38 418 519
211 565 674
848 28 848
478 653 799
977 218 655
599 576 913
600 211 474
672 285 700
905 406 975
789 563 875
260 510 940
895 850 929
920 402 946
61 909 935
282 445 479
162 587 824
922 353 359
788 667 906
717 776 968
17 943 959
91 92 582
284 440 534
829 441 597
135 9 652
481 151 392
778 22 154
732 755 988
841 696 779
219 996 998
290 168 772
210 701 972
498 789 1000
176 539 867
709 875 972
744 560 910
418 129 213
539 613 887
483 103 470
69 515 915
96 258 504
872 78 844
595 181 660
71 199 340
804 816 904
582 947 994
980 95 646
185 351 634
331 77 598
847 116 750
926 770 778
178 505 886
950 562 903
65 555 613
140 371 915
628 425 789
724 181 596
188 400 865
642 808 815
910 741 944
535 328 457
393 281 452
249 177 484
888 741 927
236 518 805
17 751 839
220 485 782
640 938 988
486 899 924
120 490 559
726 291 353
185 40 518
876 742 828
883 824 899
493 228 266
434 550 625
894 862 946
332 250 642
935 472 528
699 379 537
595 446 658
695 305 580
464 452 960
540 724 725
447 162 177
883 325 986
573 717 943
812 908 913
214 540 705
156 928 955
980 872 933
944 31 675
678 611 720
519 532 558
761 782 968
791 521 722
502 470 539
37 180 870
836 591 911
285 313 778
81 212 630
354 541 934
336 883 907
891 685 709
727 981 995
918 607 995
153 831 953
355 503 721
864 870 935
299 122 989
232 242 920
237 930 952
976 576 577
718 862 955
150 348 726
229 486 687
192 656 747
855 323 987
268 843 984
489 605 619
199 650 717
58 639 960
856 803 884
297 471 598
558 185 422
7 813 952
535 598 716
431 3 964
728 19 374
499 362 749
411 134 160
462 443 698
559 76 695
918 63 442
751 111 504
641 917 997
85 549 603
557 297 442
887 849 913
837 495 786
139 947 979
979 631 674
933 907 955
442 364 865
19 303 724
199 926 937
555 977 982
411 583 740
133 605 993
847 806 860
502 587 686
242 812 957
5 267 789
195 371 405
197 402 594
867 261 761
1000 50 902
373 255 579
181 405 599
142 320 895
781 208 379
686 317 366
913 706 780
38 586 705
348 306 368
508 634 775
376 255 350
185 996 1000
160 767 967
20 140 158
833 771 937
332 972 985
838 724 769
128 909 960
291 906 909
187 504 958
870 514 701
266 686 818
974 608 894
278 168 374
888 998 1000
652 960 977
642 129 757
46 561 737
140 61 64
313 362 459
470 760 842
201 128 806
661 652 828
158 574 748
497 795 972
264 318 614
303 727 1000
66 187 731
45 380 479
711 558 890
617 343 822
140 45 283
660 472 865
25 395 950
245 915 934
947 13 154
452 649 992
369 579 585
291 886 917
550 644 665
88 966 972
670 433 733
484 892 987
806 134 461
974 714 957
622 569 960
245 286 996
5 258 1000
270 298 427
765 373 940
527 248 727
20 649 768
10 392 545
141 633 943
51 855 884
455 455 986
144 106 161
520 800 971
687 857 881
290 622 688
349 80 128
725 40 926
778 745 770
551 536 713
876 153 977
864 383 698
117 523 952
337 945 994
67 487 643
182 718 765
125 450 786
892 953 986
600 974 989
69 686 762
137 881 959
731 543 785
102 143 908
94 422 892
132 850 981
421 474 755
287 665 903
414 69 589
704 233 971
799 867 882
929 707 860
24 888 890
466 378 737
846 499 916
816 165 916
349 760 835
193 934 936
735 111 681
753 875 951
610 336 638
548 473 935
434 983 997
621 70 427
341 738 752
394 250 269
710 135 498
329 147 645
354 251 644
158 272 954
308 506 841
187 936 961
491 206 365
129 595 860
732 174 186
512 757 927
86 89 907
837 669 857
288 10 674
430 292 722
992 846 901
969 436 450
382 496 881
786 61 252
119 597 955
25 295 550
847 5 594
970 933 935
364 283 351
256 358 637
693 437 895
384 294 547
214 718 782
964 173 543
3 77 716
850 472 726
596 936 976
802 236 531
910 202 276
123 544 875
364 484 771
1000 15 938
695 360 535
407 267 703
513 777 950
696 107 511
657 885 941
513 267 845
157 597 692
206 543 559
75 871 917
401 125 974
420 663 664
306 935 959
411 949 975
301 300 335
167 657 855
939 179 767
380 504 708
941 3 742
43 643 688
79 892 896
907 576 678
880 200 362
141 104 786
575 490 697
433 869 993
952 136 572
702 965 976
735 872 901
714 410 578
336 619 766
678 671 991
45 843 918
522 268 549
60 476 516
429 789 964
255 819 899
676 273 543
552 994 998
435 763 935
500 181 917
790 786 990
152 621 930
685 448 813
421 674 781
949 858 928
698 917 993
613 698 924
970 375 816
854 190 273
711 160 270
483 28 670
804 873 928
785 456 681
833 510 810
936 759 948
477 25 533
177 274 872
675 124 846
148 514 584
988 675 719
822 658 916
375 277 930
98 250 427
291 502 617
417 515 651
230 267 842
86 68 157
276 766 964
79 761 913
209 165 630
922 289 290
26 931 941
278 800 906
916 768 981
795 551 832
318 401 680
622 264 970
392 814 961
999 67 211
417 723 839
357 23 739
961 355 598
117 452 919
573 180 577
230 193 848
495 650 725
572 989 998
664 396 820
408 457 981
815 31 943
674 76 219
73 463 954
648 434 448
51 161 779
547 226 981
486 760 882
760 136 929
111 838 927
398 278 283
539 845 857
8 587 965
772 566 952
100 290 857
248 851 975
106 902 979
25 147 464
627 62 132
482 883 939
833 390 833
327 789 940
450 881 968
92 732 844
36 609 755
640 515 533
892 814 997
769 97 538
650 908 979
635 763 806
362 149 604
949 72 651
70 360 530
264 531 658
680 278 963
312 304 348
915 320 400
778 511 673
713 916 996
640 381 695
686 115 334
660 221 981
385 535 745
613 640 960
286 781 871
297 867 921
780 6 850
643 736 912
598 95 325
374 258 956
432 429 872
826 330 397
927 914 938
470 740 784
176 413 769
689 763 809
404 357 574
118 17 573
267 178 927
311 789 825
4 422 887
374 940 969
784 75 755
562 204 783
578 293 945
526 71 667
131 775 869
167 441 512
45 986 998
326 903 920
641 611 827
109 940 996
935 626 911
685 108 532
776 974 995
225 178 776
580 657 773
94 595 680
814 446 775
412 186 362
378 469 686
852 672 803
108 426 994
437 397 883
521 127 423
901 827 996
356 392 830
236 96 497
643 474 762
182 209 489
80 714 996
817 599 846
267 481 719
930 300 592
897 761 921
577 415 512
704 714 731
565 660 763
193 668 985
539 435 886
607 69 903
995 640 888
334 996 997
216 578 933
36 384 984
803 750 837
207 565 907
460 534 637
687 224 714
708 198 823
19 849 967
681 926 999
466 494 893
360 662 931
653 210 457
731 103 837
851 234 423
700 693 698
147 908 997
822 832 911
302 868 973
854 828 871
57 727 928
681 937 961
141 858 895
900 824 996
197 770 998
753 262 268
115 892 965
299 392 455
817 365 658
929 273 311
179 851 977
141 65 707
524 10 179
869 273 854
502 697 773
287 192 376
565 984 987
340 321 756
761 765 966
266 937 957
821 670 815
233 699 847
668 167 453
252 181 423
909 449 981
223 558 898
407 132 502
213 440 503
989 718 863
189 631 999
711 787 974
696 892 990
547 784 995
997 557 627
545 849 1000
502 763 788
279 526 686
960 473 879
70 678 856
271 246 555
809 812 940
140 3 883
130 398 413
727 939 968
330 162 194
397 616 737
745 238 830
116 20 618
866 193 409
522 296 363
624 995 999
394 686 783
709 952 998
65 189 922
505 163 878
18 428 505
134 870 970
496 648 841
809 85 340
489 373 760
670 398 593
902 877 994
360 525 800
17 694 983
600 478 888
251 385 591
320 139 452
659 86 293
216 892 999
668 172 593
608 179 862
778 722 829
40 595 611
23 993 1000
872 514 883
152 704 861
954 726 739
189 799 813
319 175 332
831 730 892
695 269 692
126 989 999
726 283 835
432 760 779
875 128 822
333 497 933
783 677 789
816 157 193
695 564 740
470 583 755
713 169 247
317 301 612
722 265 341
673 673 761
117 940 958
394 696 847
60 26 102
435 978 988
970 630 779
111 600 784
271 697 903
676 102 381
109 36 863
396 810 827
168 745 753
221 762 889
50 924 940
895 155 731
127 187 953
488 320 588
403 432 657
705 204 493
218 496 534
675 516 587
30 111 432
612 405 815
555 219 741
695 229 470
218 502 774
43 35 249
183 159 524
271 643 893
60 868 910
885 278 721
595 862 944
280 511 617
700 937 988
105 94 457
211 91 733
441 254 662
440 100 961
819 805 964
844 61 861
553 132 903
138 973 974
804 182 753
267 454 474
89 288 565
470 46 604
28 194 291
296 582 902
867 332 548
822 750 907
40 97 296
363 215 987
648 549 678
953 154 783
133 129 310
43 454 742
483 924 992
184 122 227
729 504 972
439 448 703
4 501 947
655 472 755
579 285 452
54 961 972
877 827 928
83 342 509
940 933 996
853 284 359
653 897 920
58 9 802
293 895 979
235 397 666
313 522 574
486 964 970
975 299 481
31 505 725
591 587 772
840 216 999
125 213 749
687 541 821
438 615 721
756 999 1000
835 799 935
203 972 989
735 923 941
985 236 903
942 986 988
971 140 652
958 145 164
395 79 457
579 221 969
291 905 996
516 991 999
259 441 854
950 882 936
57 59 844
468 985 1000
152 404 644
305 837 951
122 721 940
554 70 532
187 541 903
124 888 939
667 9 991
78 451 795
144 289 510
953 102 902
307 310 940
179 136 804
28 491 663
171 744 945
665 335 580
195 642 815
146 888 978
718 541 953
445 186 849
691 861 939
476 426 650
188 980 982
855 324 795
3 766 923
47 697 725
321 69 413
486 655 863
815 662 938
381 270 808
281 134 913
304 743 797
272 298 766
236 203 484
848 76 620
799 56 224
136 482 671
603 926 981
363 767 833
162 927 972
629 753 801
458 777 828
554 96 293
692 383 737
653 859 911
699 709 934
521 233 800
378 419 993
988 126 765
58 408 585
259 541 992
164 288 956
848 970 999
634 576 901
658 550 794
491 942 956
61 593 711
409 924 957
320 145 304
166 745 896
142 671 875
584 476 666
702 855 903
516 22 423
275 873 996
663 130 775
490 824 836
219 868 974
617 426 522
49 307 907
393 420 808
986 769 954
937 480 505
831 108 216
987 646 762
432 307 818
72 507 734
417 812 951
177 354 707
170 453 996
265 217 660
241 177 796
894 604 877
546 778 904
54 237 508
248 182 295
186 675 917
638 315 451
566 538 873
125 891 923
992 454 718
550 807 865
105 243 425
763 464 511
942 319 352
648 541 563
888 354 993
633 19 400
774 104 716
702 996 999
709 434 547
603 878 961
283 435 983
365 988 991
158 743 841
654 239 540
645 685 787
327 476 635
331 821 853
527 180 915
572 146 447
259 24 862
190 719 951
3 535 563
196 130 675
901 278 686
786 628 765
411 320 390
389 387 675
999 591 832
777 811 900
571 610 953
789 841 973
298 746 976
735 298 877
195 299 383
338 145 720
762 704 890
790 487 902
564 698 947
419 763 795
263 131 519
89 268 325
596 268 661
684 614 645
914 566 993
268 170 569
891 477 494
349 669 717
379 445 474
698 372 634
277 30 439
981 55 610
605 735 965
52 429 834
101 119 526
314 997 998
875 636 914
660 253 726
935 66 523
474 643 742
180 963 974
969 770 980
112 873 947
803 894 989
814 325 627
838 246 602
445 195 205
234 666 814
287 424 701
252 278 596
812 867 918
158 354 878
80 680 792
463 440 895
228 407 919
607 432 899
809 451 700
435 393 864
877 309 564
316 587 637
718 723 807
29 969 999
21 193 707
461 811 974
833 579 651
848 623 764
686 287 530
524 848 948
390 583 668
506 45 371
399 49 142
172 219 854
295 308 836
92 167 462
272 403 904
807 399 801
646 230 846
921 626 790
193 302 336
805 467 500
280 875 926
882 425 631
565 29 442
303 455 587
293 285 439
539 993 999
465 353 555
723 756 878
267 8 966
73 871 946
5 101 165
592 807 930
283 714 755
700 741 880
868 345 676
828 100 111
916 941 955
586 972 985
195 131 454
655 284 554
537 8 546
345 22 201
350 514 893
871 635 803
31 183 872
833 927 989
131 474 800
869 102 219
65 244 392
293 715 722
367 422 959
881 207 261
987 107 915
235 249 315
855 563 597
409 223 752
777 661 955
749 507 831
45 289 812
253 711 963
770 354 548
171 627 964
991 372 738
903 678 896
640 484 588
410 606 859
861 684 865
759 695 817
893 138 489
482 615 763
907 422 736
147 122 296
823 518 705
174 150 721
754 405 592
21 990 996
886 741 992
994 131 295
168 966 968
46 864 972
819 551 822
118 470 695
802 542 882
117 654 963
255 511 860
294 990 997
259 962 990
208 433 975
624 452 876
761 936 959
922 982 996
915 886 903
133 311 784
405 492 520
664 240 453
978 344 612
30 551 879
956 134 548
217 535 983
30 506 575
676 963 964
443 48 305
792 158 304
340 185 776
852 339 362
231 966 977
625 374 621
202 162 731
803 572 698
158 289 746
337 373 978
753 6 807
877 213 351
606 746 885
160 138 392
832 31 692
987 201 685
798 183 253
630 565 649
705 601 870
366 147 940
61 35 366
242 787 898
145 625 847
692 707 721
256 407 677
40 55 337
359 685 747
497 838 871
192 725 926
466 660 758
208 194 641
414 125 377
197 475 778
653 238 726
126 494 634
694 26 624
958 863 993
831 54 350
632 205 928
752 601 633
830 538 703
810 117 684
589 334 803
47 389 891
886 817 928
724 910 916
380 207 371
748 333 735
481 273 695
512 434 505
165 660 860
438 307 491
660 183 675
770 921 956
641 291 970
11 192 443
231 180 862
90 184 465
315 533 874
136 570 578
733 960 995
849 613 970
880 580 699
659 17 418
648 228 609
841 201 304
77 690 882
205 493 963
513 275 562
971 865 928
228 899 967
52 515 541
778 108 931
864 571 713
742 870 994
983 883 943
585 605 947
383 947 993
839 96 121
850 840 920
549 932 958
453 217 384
852 938 966
743 426 576
390 66 312
933 928 954
746 205 751
747 323 917
696 958 961
813 18 959
44 380 591
842 253 609
391 534 778
709 9 816
922 133 475
958 458 619
979 14 589
848 314 634
763 312 577
443 42 424
105 760 966
675 625 937
274 421 604
374 480 839
141 603 702
930 318 646
6 116 763
212 90 893
558 716 937
321 244 850
856 934 985
89 879 955
209 697 948
236 933 938
300 55 939
755 68 400
19 629 807
513 596 775
196 772 954
528 306 424
833 183 952
545 905 941
258 969 995
66 550 899
580 691 930
818 103 801
621 957 984
487 682 919
695 918 951
409 542 702
191 604 943
715 346 795
338 619 799
673 987 994
133 84 523
483 162 857
619 196 229
176 558 932
220 181 672
541 478 817
913 232 330
195 327 837
263 766 932
225 214 590
37 79 936
666 680 986
396 196 228
74 744 983
82 900 982
650 284 567
489 316 601
366 941 975
235 881 962
987 107 664
46 783 943
572 472 690
836 274 831
430 842 953
947 479 788
561 578 830
365 294 893
109 539 847
147 421 828
309 313 638
210 907 909
112 94 496
738 594 615
773 908 976
806 270 345
227 810 965
467 586 774
769 217 798
238 244 935
246 328 687
320 911 913
806 771 774
849 495 799
69 6 490
448 526 994
282 937 967
102 458 909
671 384 941
182 614 708
388 47 737
917 752 963
648 443 748
661 285 832
975 234 615
121 49 856
429 907 913
610 713 813
39 304 379
77 649 887
440 664 916
688 940 954
165 210 682
153 204 638
583 503 712
506 278 793
455 634 973
653 979 980
952 411 655
641 425 769
48 641 968
640 805 1000
509 905 909
360 537 718
71 94 334
171 95 456
276 292 815
489 493 785
532 140 785
952 865 898
132 58 244
371 538 714
531 40 225
189 157 218
569 953 994
37 525 662
399 392 430
152 969 987
7 100 863
666 792 863
617 710 934
677 280 885
193 183 771
31 294 632
995 379 758
554 55 403
431 402 973
216 123 135
380 444 738
838 212 825
920 448 537
721 964 980
669 364 693
193 355 390
922 342 394
789 681 959
514 531 969
199 130 279
194 71 625
695 824 872
296 191 252
738 688 850
297 59 930
11 638 770
153 609 789
138 326 496
44 437 827
79 396 628
974 104 619
91 32 520
656 314 611
926 794 906
620 140 637
971 230 924
481 780 883
934 867 891
290 558 780
169 270 387
499 648 970
154 559 741
892 100 969
679 952 966
435 619 714
943 628 833
771 70 657
309 375 892
532 911 990
459 223 799
261 638 693
618 928 977
175 232 806
905 389 985
287 790 802
300 69 110
855 844 908
265 817 886
211 109 849
711 145 626
637 142 182
271 65 449
194 666 991
103 564 625
558 219 382
965 643 743
725 201 853
980 302 952
599 828 928
806 412 652
983 624 639
669 183 307
605 463 858
861 357 841
148 168 697
241 630 786
879 41 107
257 72 402
464 903 957
393 357 417
583 948 1000
966 750 875
47 694 903
788 581 931
904 510 601
264 803 842
206 41 564
455 91 413
342 483 921
733 499 732
39 281 933
293 138 522
560 388 601
410 62 616
455 941 962
794 533 854
318 920 981
864 138 794
367 97 220
292 236 988
160 298 527
618 137 415
580 895 998
631 992 999
135 914 969
400 339 814
702 987 990
234 851 915
879 741 990
776 802 837
947 861 957
957 746 769
464 833 909
622 260 617
630 122 184
885 883 993
141 247 565
565 10 36
121 550 783
53 764 900
243 15 189
587 106 280
273 431 699
605 840 931
743 350 624
970 672 818
39 262 369
465 565 753
197 288 766
296 913 1000
774 691 892
74 284 851
101 206 791
899 412 665
86 133 910
169 815 840
328 834 845
469 445 666
780 35 963
303 671 880
107 904 915
312 737 964
596 641 914
759 86 946
244 934 967
553 902 977
186 433 993
761 520 732
770 674 748
191 17 506
693 813 982
741 160 544
10 377 819
231 80 320
472 504 810
144 857 891
712 72 450
697 319 538
403 790 933
443 479 714
688 358 623
161 629 802
833 825 921
707 914 997
390 904 993
970 416 952
955 516 788
623 28 389
222 945 999
494 962 981
465 930 992
21 828 879
400 938 951
107 357 562
428 107 458
671 179 492
970 465 978
913 483 769
958 331 801
282 153 277
133 941 983
91 658 711
440 646 749
900 792 922
939 838 943
363 896 931
582 667 673
383 838 893
152 120 647
818 42 872
770 644 648
946 865 916
863 895 946
826 77 739
836 622 854
541 783 937
682 510 740
653 205 359
603 433 446
775 651 959
4 194 946
259 747 923
784 109 644
495 546 925
711 433 665
381 53 722
42 715 958
590 150 307
342 918 1000
985 231 668
599 708 889
901 395 592
953 353 874
681 265 507
778 536 983
754 704 856
800 277 896
128 287 965
293 673 736
385 713 942
428 17 279
565 961 984
823 522 901
562 241 676
827 463 917
990 631 935
444 747 878
769 48 144
426 197 368
195 193 410
483 567 922
882 175 933
37 719 822
45 999 1000
311 152 169
773 158 287
762 529 932
114 147 422
694 675 943
514 655 749
73 727 807
587 31 511
326 514 548
513 609 630
911 769 989
552 878 886
270 924 938
821 581 627
28 425 623
326 281 307
103 295 431
268 337 551
471 728 931
85 461 507
518 222 493
605 25 462
576 86 582
725 696 791
146 26 290
789 445 976
562 231 584
577 988 993
82 180 516
740 933 936
793 82 344
542 274 399
927 174 186
296 345 939
946 359 966
479 429 624
42 512 533
687 851 939
987 465 629
877 596 822
205 310 496
965 471 828
462 948 988
253 514 939
329 897 991
751 237 464
933 679 994
808 140 799
550 206 976
402 568 776
766 191 316
382 697 729
564 765 996
337 175 995
461 38 809
150 561 662
304 134 491
493 237 778
230 76 433
97 247 498
360 753 812
926 297 702
314 489 817
541 614 647
977 56 596
633 678 683
81 556 758
860 978 995
825 185 337
27 934 984
269 898 917
184 111 153
62 599 868
575 679 812
318 762 966
365 116 745
137 878 971
13 70 864
822 922 941
401 573 701
908 625 695
690 198 276
94 238 447
358 964 965
388 661 962
217 966 982
677 478 586
612 659 833
977 858 896
998 158 522
770 550 886
558 631 875
607 884 917
227 7 326
883 706 873
174 109 866
354 685 818
17 754 984
50 994 996
701 832 868
295 43 245
696 178 472
831 146 667
808 872 998
807 251 450
944 904 972
462 479 840
84 924 982
807 734 763
988 421 809
694 282 985
232 589 991
44 373 592
44 411 927
694 418 611
25 223 248
752 883 985
700 861 964
269 532 546
421 844 847
602 538 700
868 708 748
325 654 921
570 932 987
22 328 483
219 400 614
846 156 787
675 665 879
847 35 518
445 260 950
836 896 962
76 940 971
721 575 760
727 496 602
437 273 443
174 528 769
95 150 526
340 132 616
844 276 825
622 154 779
267 770 852
318 561 623
982 379 621
814 980 981
334 813 990
566 217 592
92 549 673
274 930 977
437 136 896
398 868 996
782 764 845
76 842 887
997 420 773
74 223 289
553 201 302
104 481 932
755 185 310
22 247 940
225 707 858
351 924 995
172 880 898
544 175 903
706 320 575
7 770 917
493 223 438
511 476 738
975 215 832
156 421 886
180 771 830
451 835 996
312 791 870
979 581 752
615 846 852
372 166 465
407 249 713
982 693 798
681 118 912
899 953 963
481 493 603
850 884 993
735 94 159
216 58 427
975 511 694
612 379 454
465 670 751
564 345 667
512 772 949
233 427 574
617 369 742
385 136 215
228 559 860
162 759 853
22 683 780
852 914 937
787 811 902
532 895 1000
591 688 710
818 47 246
757 687 900
277 873 885
121 686 850
259 898 992
997 56 737
789 387 420
726 89 942
921 718 814
290 231 975
834 420 559
125 344 869
390 29 889
612 241 728
467 161 990
725 583 896
731 219 335
644 992 996
540 877 965
576 543 738
361 475 759
369 61 365
872 690 867
236 17 235
883 628 930
573 836 972
241 718 835
64 740 832
679 972 975
934 413 800
45 976 991
938 112 320
219 266 754
809 208 268
664 503 540
322 783 957
55 501 751
783 760 960
69 572 984
396 296 939
20 110 838
214 438 773
648 818 889
765 389 574
43 628 845
595 116 682
199 706 914
306 935 972
257 746 931
242 70 150
836 68 134
321 532 941
649 618 993
458 741 938
749 453 509
22 383 990
328 549 723
679 700 756
420 83 439
877 477 674
198 898 956
421 240 757
169 863 985
551 360 611
579 604 755
873 676 819
417 62 122
633 305 783
490 624 933
837 533 694
276 543 725
323 808 965
954 538 840
407 733 900
860 427 994
858 781 986
239 761 813
692 425 529
650 551 788
122 102 323
191 267 761
982 679 808
558 783 858
927 799 817
115 294 780
698 527 822
775 947 972
102 816 963
147 533 741
710 723 831
188 233 443
654 699 984
88 321 417
950 202 517
266 165 326
728 147 255
321 513 945
211 459 973
251 555 666
926 364 861
56 109 246
182 955 963
477 49 55
357 769 924
664 76 809
500 376 519
856 291 545
176 118 475
761 461 640
641 461 838
206 686 812
230 566 997
167 122 423
88 353 706
759 323 748
457 91 100
970 200 1000
92 295 929
893 382 625
770 924 976
20 581 612
459 963 995
504 478 928
812 981 992
916 509 710
402 96 766
22 335 426
219 75 238
370 946 949
23 479 511
298 918 997
93 795 875
401 820 879
115 160 376
735 400 841
575 175 312
675 611 715
631 764 850
223 641 987
72 897 903
474 378 519
394 814 860
476 586 743
264 465 710
575 470 496
22 911 999
747 280 631
961 608 967
981 6 734
347 416 463
346 169 996
153 11 806
355 621 879
838 108 114
845 802 878
156 655 847
33 479 895
341 210 647
217 68 438
827 946 994
888 957 985
620 986 991
261 749 762
440 399 887
106 116 793
476 223 833
284 364 672
626 351 582
82 238 298
951 368 732
928 42 931
759 192 880
776 361 903
723 112 817
170 595 913
111 144 693
523 568 730
115 859 860
408 905 928
782 353 843
103 591 675
881 721 851
905 698 852
282 335 987
572 386 412
789 214 628
904 719 859
920 313 886
265 600 672
749 296 436
101 615 867
868 50 280
28 932 949
523 923 952
987 293 301
178 350 601
672 224 906
967 115 538
762 62 416
828 959 971
418 49 760
399 905 981
440 110 627
305 881 954
339 399 642
47 998 999
597 976 990
792 198 288
241 211 979
482 874 899
830 121 269
405 426 872
332 259 273
42 758 907
939 812 931
818 666 754
159 898 937
592 786 835
849 742 840
252 122 277
350 459 562
869 811 814
657 337 729
548 819 835
213 898 974
695 755 774
608 687 957
11 393 685
867 228 254
467 423 715
258 886 971
707 348 525
553 547 887
888 121 269
273 616 890
544 227 743
645 535 746
100 191 898
390 907 914
540 557 579
57 899 960
316 190 879
504 978 980
845 961 966
620 759 917
430 850 925
315 154 283
951 368 871
401 425 747
891 291 408
344 359 793
715 840 859
345 887 970
103 175 925
278 265 342
145 493 890
433 920 971
40 829 843
585 555 584
291 995 1000
46 34 733
551 451 893
196 127 948
63 617 925
617 837 924
442 863 867
968 36 711
187 901 941
774 492 645
422 171 670
829 75 713
836 696 953
836 175 331
984 459 966
430 818 959
92 953 989
62 528 883
315 273 708
350 280 458
318 575 808
440 912 993
480 687 858
552 15 82
510 294 449
401 1 309
916 256 357
839 796 871
236 688 749
211 228 957
881 731 770
189 937 957
508 501 888
977 546 605
850 562 647
32 868 957
874 302 423
719 744 867
199 217 920
962 724 859
721 612 986
467 230 343
897 355 514
780 333 921
987 981 993
854 998 1000
251 801 844
146 115 646
411 699 911
552 451 508
249 762 876
102 409 451
292 113 234
297 132 527
408 131 514
600 499 898
229 146 588
553 522 545
446 912 919
785 745 843
838 372 660
573 957 961
295 327 666
227 646 924
302 336 800
927 92 550
491 796 866
729 571 667
239 434 973
68 662 852
277 42 651
463 830 963
118 937 978
494 957 970
619 380 621
478 713 928
780 133 309
185 653 743
627 857 917
432 300 660
609 758 813
649 457 697
242 544 596
43 322 470
953 190 583
188 337 524
87 522 667
418 912 977
453 419 983
786 546 913
125 573 777
216 791 919
556 725 917
722 630 847
916 536 634
914 933 953
867 121 542
591 904 965
496 218 407
478 443 562
524 818 846
784 668 844
331 118 304
905 961 975
802 587 871
253 180 877
785 599 755
759 836 843
396 139 444
665 757 962
444 357 401
627 670 868
827 610 885
148 535 893
153 457 798
141 676 951
584 424 654
821 368 417
743 810 994
763 399 589
566 139 788
243 178 493
88 779 795
558 170 646
939 281 582
312 275 395
822 846 884
225 782 821
332 796 983
607 119 858
722 197 558
313 334 464
637 893 896
238 352 596
163 462 682
446 302 662
750 622 924
480 837 867
965 516 791
847 439 515
306 147 944
911 74 512
405 298 978
421 493 729
413 265 327
805 19 365
17 676 875
726 824 900
54 979 988
669 867 932
942 528 633
304 941 982
785 309 713
677 610 946
985 178 747
645 475 842
447 523 824
688 127 319
521 766 784
106 927 987
445 185 636
113 872 990
10 918 998
172 914 916
597 145 965
678 402 759
867 236 553
189 416 998
853 141 535
911 596 961
512 535 866
316 598 894
92 910 989
874 126 233
478 820 949
696 413 458
945 265 827
897 814 961
382 814 874
555 81 733
177 263 729
280 643 658
52 508 584
724 156 311
516 608 845
589 891 941
962 862 978
764 124 633
801 506 514
279 701 882
309 694 920
282 923 959
705 195 882
909 405 765
252 200 310
204 334 913
204 659 766
499 50 451
507 16 876
195 219 867
112 775 936
759 352 933
102 870 871
554 987 991
292 855 862
677 404 687
269 821 891
20 530 551
931 510 749
211 515 828
688 510 689
334 258 429
590 251 286
459 400 503
126 650 810
144 308 770
513 517 991
403 84 979
662 544 612
408 486 523
529 385 894
786 425 488
828 759 842
659 757 804
564 512 752
695 820 932
266 485 985
561 993 996
593 191 673
519 798 851
996 735 757
374 713 912
434 850 1000
796 866 953
970 870 998
5 87 332
380 651 838
406 881 906
454 270 333
974 538 687
226 975 984
25 29 871
47 674 905
528 449 546
954 89 678
58 858 951
666 282 961
751 778 860
284 963 990
640 812 912
422 952 995
748 74 389
34 494 822
6 650 723
139 49 550
252 829 950
779 42 585
258 102 336
487 661 987
521 786 810
113 494 543
644 851 933
470 332 770
275 966 1000
176 818 983
126 268 623
407 878 880
951 501 554
100 157 908
680 204 930
226 843 975
343 304 635
439 372 821
668 26 181
354 959 977
476 918 966
897 439 824
826 437 525
44 913 916
359 264 523
227 686 986
425 472 924
358 601 802
605 406 625
403 343 435
871 469 881
203 321 610
937 93 630
970 212 294
975 839 926
258 218 669
989 987 990
691 590 673
317 902 924
216 363 560
898 29 896
251 692 873
965 189 589
683 416 517
140 21 675
969 959 981
625 555 902
591 999 1000
164 704 897
886 377 809
386 587 663
565 219 779
485 53 124
600 580 675
629 839 871
284 831 872
295 34 756
458 977 993
935 251 998
875 39 842
705 513 642
83 597 906
300 494 718
462 319 712
242 205 847
707 235 706
149 578 786
599 653 713
131 827 830
674 780 886
748 37 988
675 815 945
857 576 652
822 78 100
289 509 520
545 584 654
548 105 641
256 402 873
476 773 841
839 940 950
985 453 842
493 542 937
895 447 971
936 625 817
58 397 865
878 774 925
728 196 431
112 249 326
152 396 986
680 490 716
435 341 827
675 817 923
362 532 942
164 450 819
172 345 823
743 619 835
273 576 960
618 734 918
8 137 407
466 994 997
619 604 722
169 743 761
21 999 1000
629 838 945
136 360 972
679 685 735
369 347 857
234 619 955
489 974 992
828 372 785
577 977 987
690 75 739
243 916 930
85 867 880
208 950 952
691 363 963
681 358 976
791 80 353
364 660 765
849 277 801
502 921 942
331 656 722
699 374 705
181 644 668
916 429 726
360 325 793
208 685 923
652 255 701
540 37 574
374 2 442
565 243 812
572 894 948
434 631 915
971 947 997
425 261 350
926 490 804
285 563 651
746 570 981
367 822 871
839 818 999
559 119 247
84 242 561
917 861 986
849 482 729
80 12 201
850 212 833
946 47 95
810 37 204
867 372 759
815 675 876
421 589 794
652 943 986
36 357 508
558 289 473
881 985 1000
562 798 817
689 75 842
184 551 606
727 60 225
592 407 470
124 394 756
136 799 854
293 586 980
159 486 942
808 997 998
435 628 861
46 721 894
559 260 723
775 735 932
386 771 877
408 369 447
893 445 509
318 813 876
48 348 392
409 807 980
71 984 993
907 149 288
416 430 637
216 513 810
265 892 992
855 742 915
150 487 854
539 822 951
215 639 664
970 441 659
954 318 438
237 859 986
574 741 898
201 957 985
879 498 847
618 866 899
579 381 806
869 839 999
128 562 723
530 240 593
709 688 817
919 369 602
52 5 989
6 262 792
973 94 337
548 848 945
198 431 558
217 933 950
744 409 628
357 833 957
371 742 993
607 43 816
344 49 955
630 985 998
111 682 839
898 128 335
822 894 897
933 866 876
93 966 974
689 354 514
665 353 796
69 946 952
184 2 577
581 447 708
37 132 537
387 488 833
21 827 865
593 113 537
228 11 14
328 719 900
365 866 954
555 328 633
191 914 923
678 924 982
899 558 764
452 76 631
662 491 615
756 304 688
127 355 359
705 942 949
61 838 998
473 669 678
291 236 493
326 568 796
903 684 1000
441 509 526
294 557 667
422 389 687
154 63 251
564 676 840
31 708 912
242 375 741
208 552 941
833 855 887
641 281 824
358 576 943
367 508 893
849 227 298
637 456 891
529 756 930
966 599 648
217 770 958
598 221 702
223 512 692
879 214 474
114 420 782
526 525 817
796 884 947
25 111 161
285 335 655
875 656 974
490 91 555
165 201 690
534 907 965
971 423 911
603 916 960
608 825 862
973 359 617
828 791 975
579 136 331
465 601 947
674 905 916
342 316 820
729 567 814
653 724 966
105 144 308
488 666 718
624 150 700
924 259 358
223 33 553
792 304 411
38 174 453
485 238 566
891 993 994
676 546 668
215 960 982
653 940 989
463 440 845
848 920 974
595 924 999
783 430 743
154 202 595
911 397 712
3 315 605
3 839 931
91 856 956
369 449 981
437 285 343
446 904 908
326 53 102
542 869 893
44 960 995
601 319 440
366 768 913
284 510 969
192 878 946
702 881 944
676 770 910
240 982 992
769 514 637
254 766 797
536 594 778
307 95 486
959 165 769
52 803 959
855 248 445
600 75 242
637 465 533
785 359 529
28 487 813
27 263 411
226 177 247
817 889 899
18 24 279
930 679 943
324 50 135
846 109 736
630 678 827
299 614 807
261 165 652
630 537 852
552 495 827
250 963 984
540 151 878
759 919 978
462 972 992
801 634 934
684 605 985
10 15 533
740 491 703
594 228 620
197 55 215
120 884 924
773 606 822
357 558 857
739 762 918
170 900 958
125 882 921
831 640 972
128 316 477
884 20 846
154 259 393
925 592 925
852 435 720
828 173 902
630 179 232
422 698 1000
432 159 878
535 973 975
367 175 496
260 383 893
496 925 984
237 479 861
968 725 794
651 981 1000
16 199 700
361 62 617
37 188 988
952 467 724
602 149 836
388 4 111
282 783 810
222 993 1000
448 392 680
83 146 800
975 60 345
213 934 963
198 669 893
522 482 857
946 393 652
803 889 896
108 724 814
506 959 960
186 244 874
718 494 777
473 435 656
987 368 403
889 251 590
830 324 856
575 86 316
145 465 586
441 252 327
183 699 702
76 305 764
200 968 987
55 417 689
933 776 986
501 123 869
726 366 654
452 391 868
909 224 970
390 341 734
545 28 654
333 737 794
529 501 711
598 719 752
658 681 695
610 16 565
290 759 862
15 352 667
848 612 990
514 886 940
942 527 854
555 921 989
888 180 181
933 827 955
382 888 924
70 16 735
917 449 942
629 626 977
291 755 930
102 869 932
925 908 968
228 290 992
666 291 600
105 229 454
97 464 820
540 652 897
989 758 805
692 377 763
655 125 177
874 754 793
34 161 265
887 338 830
907 335 920
572 56 266
497 99 454
710 407 809
47 331 770
393 838 942
242 656 812
11 858 977
187 6 904
510 341 891
947 400 481
364 848 931
306 878 911
980 686 951
717 776 880
182 602 929
201 638 705
630 79 180
676 939 965
500 902 937
706 583 650
759 789 888
872 84 287
518 974 977
793 370 996
695 533 736
387 51 604
72 110 732
235 466 788
381 213 372
233 294 487
948 479 941
7 375 384
164 250 426
279 776 893
317 470 748
136 138 738
245 430 892
630 489 766
227 989 998
466 393 554
317 77 532
24 735 770
732 873 894
445 284 561
369 506 945
396 785 873
154 735 829
829 479 575
727 490 522
457 268 410
988 809 842
588 827 852
478 98 751
963 239 479
436 570 633
644 569 726
868 779 819
338 482 809
478 407 781
245 744 950
223 781 853
787 140 931
268 525 885
874 130 153
637 461 525
158 568 966
394 73 743
890 449 662
511 172 354
31 848 932
363 791 993
131 374 851
830 777 965
328 952 953
242 985 995
240 485 852
134 505 917
130 978 983
722 14 669
356 234 578
266 732 947
852 869 917
124 515 559
767 340 670
147 21 524
720 802 856
733 943 951
826 185 200
651 616 664
526 128 952
415 52 186
397 632 651
828 830 872
250 289 646
302 612 847
52 512 712
409 351 787
537 545 609
617 401 693
689 614 747
792 615 664
991 772 788
46 792 907
865 665 842
296 654 932
107 244 506
355 20 813
501 3 461
497 729 841
305 891 893
746 423 764
307 206 794
447 250 792
841 548 832
469 450 769
816 697 953
839 188 989
493 38 774
385 868 892
734 420 622
554 78 441
640 295 638
665 767 848
555 525 986
913 643 764
324 632 699
63 53 862
763 867 941
940 933 937
860 913 946
453 555 930
235 64 772
278 234 519
24 39 229
97 95 194
876 180 456
981 315 724
864 639 892
792 124 305
831 192 197
655 758 927
139 913 982
363 532 734
488 661 960
142 152 665
302 238 811
318 254 427
838 553 857
959 90 713
861 683 720
758 752 922
161 113 213
213 835 975
207 248 867
829 105 390
54 224 303
258 283 997
270 119 662
965 296 615
477 222 849
875 310 657
396 856 867
919 154 220
306 732 743
95 963 964
537 897 966
379 734 794
78 834 850
590 362 954
293 685 750
389 820 832
418 217 947
85 23 84
842 933 954
38 853 951
247 695 762
540 217 943
423 806 829
805 888 994
423 1 732
653 25 194
339 254 255
393 743 935
452 221 502
29 26 329
871 243 654
264 584 817
429 46 690
109 79 939
960 448 901
112 769 950
748 166 692
544 928 997
441 33 824
553 962 965
585 112 918
730 336 781
857 113 120
999 815 952
117 17 54
274 896 990
302 166 481
622 348 415
234 929 965
348 647 731
701 176 611
373 933 991
275 818 953
971 738 836
885 495 726
333 427 964
113 425 818
809 321 883
925 351 478
712 573 815
64 834 934
674 113 476
898 449 661
204 911 932
31 961 994
772 681 975
852 561 564
479 870 911
842 631 853
999 709 908
933 924 941
120 252 808
292 958 983
405 381 426
401 186 961
283 800 943
415 453 813
35 530 647
771 612 687
609 365 390
810 850 858
310 568 628
206 695 776
994 470 840
862 152 374
136 948 1000
23 824 950
729 146 712
673 869 871
947 455 525
527 571 946
843 703 910
145 821 824
575 905 957
399 417 761
835 79 990
740 681 935
629 301 381
214 536 809
805 6 356
950 216 332
417 799 961
592 912 977
579 386 829
667 783 987
402 153 623
446 910 925
687 366 890
888 49 391
569 933 947
75 619 929
167 525 591
424 44 743
490 993 999
806 297 373
587 173 922
522 400 492
142 652 965
752 999 1000
149 403 627
390 212 229
351 243 707
276 153 653
52 592 942
43 144 762
533 24 199
759 516 938
851 970 1000
886 816 987
638 260 393
19 806 844
849 960 991
256 557 654
349 708 732
948 747 884
33 864 931
921 993 997
784 300 868
354 274 801
741 210 283
275 264 409
448 375 490
580 130 945
462 960 965
907 784 905
6 393 785
461 975 1000
212 954 956
427 60 838
877 551 883
722 263 555
680 360 665
310 952 957
921 645 772
2 883 982
214 231 998
405 176 466
481 401 850
700 389 471
935 970 988
261 889 951
901 307 581
758 138 595
394 706 711
182 7 899
461 623 960
590 243 752
492 866 940
582 633 998
64 598 779
7 982 983
226 360 861
824 812 988
939 283 890
869 335 930
702 84 599
317 470 598
298 518 836
836 660 731
957 365 649
819 123 231
499 638 734
299 794 802
164 222 320
999 270 500
780 159 224
533 780 999
837 953 999
725 532 737
155 528 854
815 89 967
409 203 820
898 452 472
694 368 966
953 833 874
731 774 805
184 343 802
174 344 969
63 806 921
517 516 954
688 165 574
47 729 927
443 41 363
33 956 988
564 201 837
966 788 799
625 541 745
867 743 886
526 991 992
417 535 895
197 933 981
219 831 971
850 470 553
400 754 924
624 811 974
77 780 902
199 954 986
505 184 746
524 437 474
388 985 999
408 268 715
239 840 978
370 169 743
358 910 916
154 252 847
316 683 858
55 631 807
325 260 790
505 200 927
779 539 592
394 773 808
447 371 758
960 906 950
7 21 456
939 384 431
299 404 823
706 955 977
502 280 809
697 675 739
497 253 273
526 732 975
961 735 913
436 593 630
127 4 94
463 762 901
632 55 862
413 203 868
866 170 279
198 513 791
856 699 763
876 33 574
642 649 818
901 871 991
655 265 770
493 938 979
151 467 508
244 301 725
813 440 669
168 211 372
94 535 720
420 413 765
41 617 713
271 6 685
516 416 876
918 220 613
876 626 689
383 788 953
584 926 979
25 49 816
868 521 872
289 645 705
72 434 849
577 862 938
459 962 969
214 111 578
839 554 725
822 600 795
141 188 781
143 306 335
434 807 882
379 38 294
907 503 799
373 581 845
250 796 985
57 949 997
365 124 760
424 922 964
597 751 831
325 346 651
917 502 597
694 481 901
808 347 808
518 701 943
362 275 400
310 533 537
121 110 382
903 728 833
829 176 599
959 167 306
266 595 749
475 133 903
253 854 929
464 260 819
744 890 896
896 13 985
606 488 871
9 194 453
30 963 984
684 254 939
260 782 838
570 509 631
340 932 958
950 592 812
644 573 618
526 22 838
373 112 283
82 227 635
954 117 658
995 86 889
818 774 811
364 780 940
670 726 770
985 114 983
899 997 1000
152 532 663
525 202 440
463 687 717
972 619 800
589 545 629
707 534 844
329 401 509
316 882 970
969 491 779
376 364 499
894 644 967
963 35 824
143 412 452
976 601 948
94 411 816
798 241 508
689 822 900
547 278 428
943 619 660
692 71 230
181 251 319
200 862 879
189 85 839
211 98 478
503 530 575
569 149 612
630 637 673
304 832 857
294 551 697
998 158 449
335 36 339
461 528 849
123 2 583
565 260 904
191 668 676
445 925 990
921 868 980
211 626 788
762 155 552
266 888 916
854 374 763
367 671 678
219 763 924
673 844 935
183 9 59
4 331 864
580 178 415
613 892 906
262 256 505
881 275 353
234 983 993
796 896 901
170 461 501
473 461 923
71 85 667
97 705 954
41 877 991
153 303 918
843 5 322
143 456 923
113 956 978
685 287 556
355 879 934
18 992 996
486 522 882
957 716 892
752 773 882
930 131 671
718 940 985
623 942 963
595 372 698
979 801 804
675 504 712
208 874 882
604 222 675
613 9 381
222 882 985
227 668 894
507 882 983
648 358 569
296 45 629
344 273 294
601 720 931
207 67 121
820 362 856
643 895 956
310 792 995
616 260 767
22 595 641
1 946 961
458 938 966
846 367 667
578 900 942
301 545 729
673 143 851
